     441 
     1     0.000000      0.000000     0.000000 
     2     0.050000      0.000000     0.000000 
     3     0.100000      0.000000     0.000000 
     4     0.150000      0.000000     0.000000 
     5     0.200000      0.000000     0.000000 
     6     0.250000      0.000000     0.000000 
     7     0.300000      0.000000     0.000000 
     8     0.350000      0.000000     0.000000 
     9     0.400000      0.000000     0.000000 
     10     0.450000      0.000000     0.000000 
     11     0.500000      0.000000     0.000000 
     12     0.550000      0.000000     0.000000 
     13     0.600000      0.000000     0.000000 
     14     0.650000      0.000000     0.000000 
     15     0.700000      0.000000     0.000000 
     16     0.750000      0.000000     0.000000 
     17     0.800000      0.000000     0.000000 
     18     0.850000      0.000000     0.000000 
     19     0.900000      0.000000     0.000000 
     20     0.950000      0.000000     0.000000 
     21     1.000000      0.000000     0.000000 
     22     0.000000      0.050000     0.000000 
     23     0.050000      0.050000     0.000000 
     24     0.100000      0.050000     0.000000 
     25     0.150000      0.050000     0.000000 
     26     0.200000      0.050000     0.000000 
     27     0.250000      0.050000     0.000000 
     28     0.300000      0.050000     0.000000 
     29     0.350000      0.050000     0.000000 
     30     0.400000      0.050000     0.000000 
     31     0.450000      0.050000     0.000000 
     32     0.500000      0.050000     0.000000 
     33     0.550000      0.050000     0.000000 
     34     0.600000      0.050000     0.000000 
     35     0.650000      0.050000     0.000000 
     36     0.700000      0.050000     0.000000 
     37     0.750000      0.050000     0.000000 
     38     0.800000      0.050000     0.000000 
     39     0.850000      0.050000     0.000000 
     40     0.900000      0.050000     0.000000 
     41     0.950000      0.050000     0.000000 
     42     1.000000      0.050000     0.000000 
     43     0.000000      0.100000     0.000000 
     44     0.050000      0.100000     0.000000 
     45     0.100000      0.100000     0.000000 
     46     0.150000      0.100000     0.000000 
     47     0.200000      0.100000     0.000000 
     48     0.250000      0.100000     0.000000 
     49     0.300000      0.100000     0.000000 
     50     0.350000      0.100000     0.000000 
     51     0.400000      0.100000     0.000000 
     52     0.450000      0.100000     0.000000 
     53     0.500000      0.100000     0.000000 
     54     0.550000      0.100000     0.000000 
     55     0.600000      0.100000     0.000000 
     56     0.650000      0.100000     0.000000 
     57     0.700000      0.100000     0.000000 
     58     0.750000      0.100000     0.000000 
     59     0.800000      0.100000     0.000000 
     60     0.850000      0.100000     0.000000 
     61     0.900000      0.100000     0.000000 
     62     0.950000      0.100000     0.000000 
     63     1.000000      0.100000     0.000000 
     64     0.000000      0.150000     0.000000 
     65     0.050000      0.150000     0.000000 
     66     0.100000      0.150000     0.000000 
     67     0.150000      0.150000     0.000000 
     68     0.200000      0.150000     0.000000 
     69     0.250000      0.150000     0.000000 
     70     0.300000      0.150000     0.000000 
     71     0.350000      0.150000     0.000000 
     72     0.400000      0.150000     0.000000 
     73     0.450000      0.150000     0.000000 
     74     0.500000      0.150000     0.000000 
     75     0.550000      0.150000     0.000000 
     76     0.600000      0.150000     0.000000 
     77     0.650000      0.150000     0.000000 
     78     0.700000      0.150000     0.000000 
     79     0.750000      0.150000     0.000000 
     80     0.800000      0.150000     0.000000 
     81     0.850000      0.150000     0.000000 
     82     0.900000      0.150000     0.000000 
     83     0.950000      0.150000     0.000000 
     84     1.000000      0.150000     0.000000 
     85     0.000000      0.200000     0.000000 
     86     0.050000      0.200000     0.000000 
     87     0.100000      0.200000     0.000000 
     88     0.150000      0.200000     0.000000 
     89     0.200000      0.200000     0.000000 
     90     0.250000      0.200000     0.000000 
     91     0.300000      0.200000     0.000000 
     92     0.350000      0.200000     0.000000 
     93     0.400000      0.200000     0.000000 
     94     0.450000      0.200000     0.000000 
     95     0.500000      0.200000     0.000000 
     96     0.550000      0.200000     0.000000 
     97     0.600000      0.200000     0.000000 
     98     0.650000      0.200000     0.000000 
     99     0.700000      0.200000     0.000000 
     100     0.750000      0.200000     0.000000 
     101     0.800000      0.200000     0.000000 
     102     0.850000      0.200000     0.000000 
     103     0.900000      0.200000     0.000000 
     104     0.950000      0.200000     0.000000 
     105     1.000000      0.200000     0.000000 
     106     0.000000      0.250000     0.000000 
     107     0.050000      0.250000     0.000000 
     108     0.100000      0.250000     0.000000 
     109     0.150000      0.250000     0.000000 
     110     0.200000      0.250000     0.000000 
     111     0.250000      0.250000     0.000000 
     112     0.300000      0.250000     0.000000 
     113     0.350000      0.250000     0.000000 
     114     0.400000      0.250000     0.000000 
     115     0.450000      0.250000     0.000000 
     116     0.500000      0.250000     0.000000 
     117     0.550000      0.250000     0.000000 
     118     0.600000      0.250000     0.000000 
     119     0.650000      0.250000     0.000000 
     120     0.700000      0.250000     0.000000 
     121     0.750000      0.250000     0.000000 
     122     0.800000      0.250000     0.000000 
     123     0.850000      0.250000     0.000000 
     124     0.900000      0.250000     0.000000 
     125     0.950000      0.250000     0.000000 
     126     1.000000      0.250000     0.000000 
     127     0.000000      0.300000     0.000000 
     128     0.050000      0.300000     0.000000 
     129     0.100000      0.300000     0.000000 
     130     0.150000      0.300000     0.000000 
     131     0.200000      0.300000     0.000000 
     132     0.250000      0.300000     0.000000 
     133     0.300000      0.300000     0.000000 
     134     0.350000      0.300000     0.000000 
     135     0.400000      0.300000     0.000000 
     136     0.450000      0.300000     0.000000 
     137     0.500000      0.300000     0.000000 
     138     0.550000      0.300000     0.000000 
     139     0.600000      0.300000     0.000000 
     140     0.650000      0.300000     0.000000 
     141     0.700000      0.300000     0.000000 
     142     0.750000      0.300000     0.000000 
     143     0.800000      0.300000     0.000000 
     144     0.850000      0.300000     0.000000 
     145     0.900000      0.300000     0.000000 
     146     0.950000      0.300000     0.000000 
     147     1.000000      0.300000     0.000000 
     148     0.000000      0.350000     0.000000 
     149     0.050000      0.350000     0.000000 
     150     0.100000      0.350000     0.000000 
     151     0.150000      0.350000     0.000000 
     152     0.200000      0.350000     0.000000 
     153     0.250000      0.350000     0.000000 
     154     0.300000      0.350000     0.000000 
     155     0.350000      0.350000     0.000000 
     156     0.400000      0.350000     0.000000 
     157     0.450000      0.350000     0.000000 
     158     0.500000      0.350000     0.000000 
     159     0.550000      0.350000     0.000000 
     160     0.600000      0.350000     0.000000 
     161     0.650000      0.350000     0.000000 
     162     0.700000      0.350000     0.000000 
     163     0.750000      0.350000     0.000000 
     164     0.800000      0.350000     0.000000 
     165     0.850000      0.350000     0.000000 
     166     0.900000      0.350000     0.000000 
     167     0.950000      0.350000     0.000000 
     168     1.000000      0.350000     0.000000 
     169     0.000000      0.400000     0.000000 
     170     0.050000      0.400000     0.000000 
     171     0.100000      0.400000     0.000000 
     172     0.150000      0.400000     0.000000 
     173     0.200000      0.400000     0.000000 
     174     0.250000      0.400000     0.000000 
     175     0.300000      0.400000     0.000000 
     176     0.350000      0.400000     0.000000 
     177     0.400000      0.400000     0.000000 
     178     0.450000      0.400000     0.000000 
     179     0.500000      0.400000     0.000000 
     180     0.550000      0.400000     0.000000 
     181     0.600000      0.400000     0.000000 
     182     0.650000      0.400000     0.000000 
     183     0.700000      0.400000     0.000000 
     184     0.750000      0.400000     0.000000 
     185     0.800000      0.400000     0.000000 
     186     0.850000      0.400000     0.000000 
     187     0.900000      0.400000     0.000000 
     188     0.950000      0.400000     0.000000 
     189     1.000000      0.400000     0.000000 
     190     0.000000      0.450000     0.000000 
     191     0.050000      0.450000     0.000000 
     192     0.100000      0.450000     0.000000 
     193     0.150000      0.450000     0.000000 
     194     0.200000      0.450000     0.000000 
     195     0.250000      0.450000     0.000000 
     196     0.300000      0.450000     0.000000 
     197     0.350000      0.450000     0.000000 
     198     0.400000      0.450000     0.000000 
     199     0.450000      0.450000     0.000000 
     200     0.500000      0.450000     0.000000 
     201     0.550000      0.450000     0.000000 
     202     0.600000      0.450000     0.000000 
     203     0.650000      0.450000     0.000000 
     204     0.700000      0.450000     0.000000 
     205     0.750000      0.450000     0.000000 
     206     0.800000      0.450000     0.000000 
     207     0.850000      0.450000     0.000000 
     208     0.900000      0.450000     0.000000 
     209     0.950000      0.450000     0.000000 
     210     1.000000      0.450000     0.000000 
     211     0.000000      0.500000     0.000000 
     212     0.050000      0.500000     0.000000 
     213     0.100000      0.500000     0.000000 
     214     0.150000      0.500000     0.000000 
     215     0.200000      0.500000     0.000000 
     216     0.250000      0.500000     0.000000 
     217     0.300000      0.500000     0.000000 
     218     0.350000      0.500000     0.000000 
     219     0.400000      0.500000     0.000000 
     220     0.450000      0.500000     0.000000 
     221     0.500000      0.500000     0.000000 
     222     0.550000      0.500000     0.000000 
     223     0.600000      0.500000     0.000000 
     224     0.650000      0.500000     0.000000 
     225     0.700000      0.500000     0.000000 
     226     0.750000      0.500000     0.000000 
     227     0.800000      0.500000     0.000000 
     228     0.850000      0.500000     0.000000 
     229     0.900000      0.500000     0.000000 
     230     0.950000      0.500000     0.000000 
     231     1.000000      0.500000     0.000000 
     232     0.000000      0.550000     0.000000 
     233     0.050000      0.550000     0.000000 
     234     0.100000      0.550000     0.000000 
     235     0.150000      0.550000     0.000000 
     236     0.200000      0.550000     0.000000 
     237     0.250000      0.550000     0.000000 
     238     0.300000      0.550000     0.000000 
     239     0.350000      0.550000     0.000000 
     240     0.400000      0.550000     0.000000 
     241     0.450000      0.550000     0.000000 
     242     0.500000      0.550000     0.000000 
     243     0.550000      0.550000     0.000000 
     244     0.600000      0.550000     0.000000 
     245     0.650000      0.550000     0.000000 
     246     0.700000      0.550000     0.000000 
     247     0.750000      0.550000     0.000000 
     248     0.800000      0.550000     0.000000 
     249     0.850000      0.550000     0.000000 
     250     0.900000      0.550000     0.000000 
     251     0.950000      0.550000     0.000000 
     252     1.000000      0.550000     0.000000 
     253     0.000000      0.600000     0.000000 
     254     0.050000      0.600000     0.000000 
     255     0.100000      0.600000     0.000000 
     256     0.150000      0.600000     0.000000 
     257     0.200000      0.600000     0.000000 
     258     0.250000      0.600000     0.000000 
     259     0.300000      0.600000     0.000000 
     260     0.350000      0.600000     0.000000 
     261     0.400000      0.600000     0.000000 
     262     0.450000      0.600000     0.000000 
     263     0.500000      0.600000     0.000000 
     264     0.550000      0.600000     0.000000 
     265     0.600000      0.600000     0.000000 
     266     0.650000      0.600000     0.000000 
     267     0.700000      0.600000     0.000000 
     268     0.750000      0.600000     0.000000 
     269     0.800000      0.600000     0.000000 
     270     0.850000      0.600000     0.000000 
     271     0.900000      0.600000     0.000000 
     272     0.950000      0.600000     0.000000 
     273     1.000000      0.600000     0.000000 
     274     0.000000      0.650000     0.000000 
     275     0.050000      0.650000     0.000000 
     276     0.100000      0.650000     0.000000 
     277     0.150000      0.650000     0.000000 
     278     0.200000      0.650000     0.000000 
     279     0.250000      0.650000     0.000000 
     280     0.300000      0.650000     0.000000 
     281     0.350000      0.650000     0.000000 
     282     0.400000      0.650000     0.000000 
     283     0.450000      0.650000     0.000000 
     284     0.500000      0.650000     0.000000 
     285     0.550000      0.650000     0.000000 
     286     0.600000      0.650000     0.000000 
     287     0.650000      0.650000     0.000000 
     288     0.700000      0.650000     0.000000 
     289     0.750000      0.650000     0.000000 
     290     0.800000      0.650000     0.000000 
     291     0.850000      0.650000     0.000000 
     292     0.900000      0.650000     0.000000 
     293     0.950000      0.650000     0.000000 
     294     1.000000      0.650000     0.000000 
     295     0.000000      0.700000     0.000000 
     296     0.050000      0.700000     0.000000 
     297     0.100000      0.700000     0.000000 
     298     0.150000      0.700000     0.000000 
     299     0.200000      0.700000     0.000000 
     300     0.250000      0.700000     0.000000 
     301     0.300000      0.700000     0.000000 
     302     0.350000      0.700000     0.000000 
     303     0.400000      0.700000     0.000000 
     304     0.450000      0.700000     0.000000 
     305     0.500000      0.700000     0.000000 
     306     0.550000      0.700000     0.000000 
     307     0.600000      0.700000     0.000000 
     308     0.650000      0.700000     0.000000 
     309     0.700000      0.700000     0.000000 
     310     0.750000      0.700000     0.000000 
     311     0.800000      0.700000     0.000000 
     312     0.850000      0.700000     0.000000 
     313     0.900000      0.700000     0.000000 
     314     0.950000      0.700000     0.000000 
     315     1.000000      0.700000     0.000000 
     316     0.000000      0.750000     0.000000 
     317     0.050000      0.750000     0.000000 
     318     0.100000      0.750000     0.000000 
     319     0.150000      0.750000     0.000000 
     320     0.200000      0.750000     0.000000 
     321     0.250000      0.750000     0.000000 
     322     0.300000      0.750000     0.000000 
     323     0.350000      0.750000     0.000000 
     324     0.400000      0.750000     0.000000 
     325     0.450000      0.750000     0.000000 
     326     0.500000      0.750000     0.000000 
     327     0.550000      0.750000     0.000000 
     328     0.600000      0.750000     0.000000 
     329     0.650000      0.750000     0.000000 
     330     0.700000      0.750000     0.000000 
     331     0.750000      0.750000     0.000000 
     332     0.800000      0.750000     0.000000 
     333     0.850000      0.750000     0.000000 
     334     0.900000      0.750000     0.000000 
     335     0.950000      0.750000     0.000000 
     336     1.000000      0.750000     0.000000 
     337     0.000000      0.800000     0.000000 
     338     0.050000      0.800000     0.000000 
     339     0.100000      0.800000     0.000000 
     340     0.150000      0.800000     0.000000 
     341     0.200000      0.800000     0.000000 
     342     0.250000      0.800000     0.000000 
     343     0.300000      0.800000     0.000000 
     344     0.350000      0.800000     0.000000 
     345     0.400000      0.800000     0.000000 
     346     0.450000      0.800000     0.000000 
     347     0.500000      0.800000     0.000000 
     348     0.550000      0.800000     0.000000 
     349     0.600000      0.800000     0.000000 
     350     0.650000      0.800000     0.000000 
     351     0.700000      0.800000     0.000000 
     352     0.750000      0.800000     0.000000 
     353     0.800000      0.800000     0.000000 
     354     0.850000      0.800000     0.000000 
     355     0.900000      0.800000     0.000000 
     356     0.950000      0.800000     0.000000 
     357     1.000000      0.800000     0.000000 
     358     0.000000      0.850000     0.000000 
     359     0.050000      0.850000     0.000000 
     360     0.100000      0.850000     0.000000 
     361     0.150000      0.850000     0.000000 
     362     0.200000      0.850000     0.000000 
     363     0.250000      0.850000     0.000000 
     364     0.300000      0.850000     0.000000 
     365     0.350000      0.850000     0.000000 
     366     0.400000      0.850000     0.000000 
     367     0.450000      0.850000     0.000000 
     368     0.500000      0.850000     0.000000 
     369     0.550000      0.850000     0.000000 
     370     0.600000      0.850000     0.000000 
     371     0.650000      0.850000     0.000000 
     372     0.700000      0.850000     0.000000 
     373     0.750000      0.850000     0.000000 
     374     0.800000      0.850000     0.000000 
     375     0.850000      0.850000     0.000000 
     376     0.900000      0.850000     0.000000 
     377     0.950000      0.850000     0.000000 
     378     1.000000      0.850000     0.000000 
     379     0.000000      0.900000     0.000000 
     380     0.050000      0.900000     0.000000 
     381     0.100000      0.900000     0.000000 
     382     0.150000      0.900000     0.000000 
     383     0.200000      0.900000     0.000000 
     384     0.250000      0.900000     0.000000 
     385     0.300000      0.900000     0.000000 
     386     0.350000      0.900000     0.000000 
     387     0.400000      0.900000     0.000000 
     388     0.450000      0.900000     0.000000 
     389     0.500000      0.900000     0.000000 
     390     0.550000      0.900000     0.000000 
     391     0.600000      0.900000     0.000000 
     392     0.650000      0.900000     0.000000 
     393     0.700000      0.900000     0.000000 
     394     0.750000      0.900000     0.000000 
     395     0.800000      0.900000     0.000000 
     396     0.850000      0.900000     0.000000 
     397     0.900000      0.900000     0.000000 
     398     0.950000      0.900000     0.000000 
     399     1.000000      0.900000     0.000000 
     400     0.000000      0.950000     0.000000 
     401     0.050000      0.950000     0.000000 
     402     0.100000      0.950000     0.000000 
     403     0.150000      0.950000     0.000000 
     404     0.200000      0.950000     0.000000 
     405     0.250000      0.950000     0.000000 
     406     0.300000      0.950000     0.000000 
     407     0.350000      0.950000     0.000000 
     408     0.400000      0.950000     0.000000 
     409     0.450000      0.950000     0.000000 
     410     0.500000      0.950000     0.000000 
     411     0.550000      0.950000     0.000000 
     412     0.600000      0.950000     0.000000 
     413     0.650000      0.950000     0.000000 
     414     0.700000      0.950000     0.000000 
     415     0.750000      0.950000     0.000000 
     416     0.800000      0.950000     0.000000 
     417     0.850000      0.950000     0.000000 
     418     0.900000      0.950000     0.000000 
     419     0.950000      0.950000     0.000000 
     420     1.000000      0.950000     0.000000 
     421     0.000000      1.000000     0.000000 
     422     0.050000      1.000000     0.000000 
     423     0.100000      1.000000     0.000000 
     424     0.150000      1.000000     0.000000 
     425     0.200000      1.000000     0.000000 
     426     0.250000      1.000000     0.000000 
     427     0.300000      1.000000     0.000000 
     428     0.350000      1.000000     0.000000 
     429     0.400000      1.000000     0.000000 
     430     0.450000      1.000000     0.000000 
     431     0.500000      1.000000     0.000000 
     432     0.550000      1.000000     0.000000 
     433     0.600000      1.000000     0.000000 
     434     0.650000      1.000000     0.000000 
     435     0.700000      1.000000     0.000000 
     436     0.750000      1.000000     0.000000 
     437     0.800000      1.000000     0.000000 
     438     0.850000      1.000000     0.000000 
     439     0.900000      1.000000     0.000000 
     440     0.950000      1.000000     0.000000 
     441     1.000000      1.000000     0.000000 
     400   5
     1     1      2     23     22    
     2     22      23     44     43    
     3     43      44     65     64    
     4     64      65     86     85    
     5     85      86     107     106    
     6     106      107     128     127    
     7     127      128     149     148    
     8     148      149     170     169    
     9     169      170     191     190    
     10     190      191     212     211    
     11     211      212     233     232    
     12     232      233     254     253    
     13     253      254     275     274    
     14     274      275     296     295    
     15     295      296     317     316    
     16     316      317     338     337    
     17     337      338     359     358    
     18     358      359     380     379    
     19     379      380     401     400    
     20     400      401     422     421    
     21     2      3     24     23    
     22     23      24     45     44    
     23     44      45     66     65    
     24     65      66     87     86    
     25     86      87     108     107    
     26     107      108     129     128    
     27     128      129     150     149    
     28     149      150     171     170    
     29     170      171     192     191    
     30     191      192     213     212    
     31     212      213     234     233    
     32     233      234     255     254    
     33     254      255     276     275    
     34     275      276     297     296    
     35     296      297     318     317    
     36     317      318     339     338    
     37     338      339     360     359    
     38     359      360     381     380    
     39     380      381     402     401    
     40     401      402     423     422    
     41     3      4     25     24    
     42     24      25     46     45    
     43     45      46     67     66    
     44     66      67     88     87    
     45     87      88     109     108    
     46     108      109     130     129    
     47     129      130     151     150    
     48     150      151     172     171    
     49     171      172     193     192    
     50     192      193     214     213    
     51     213      214     235     234    
     52     234      235     256     255    
     53     255      256     277     276    
     54     276      277     298     297    
     55     297      298     319     318    
     56     318      319     340     339    
     57     339      340     361     360    
     58     360      361     382     381    
     59     381      382     403     402    
     60     402      403     424     423    
     61     4      5     26     25    
     62     25      26     47     46    
     63     46      47     68     67    
     64     67      68     89     88    
     65     88      89     110     109    
     66     109      110     131     130    
     67     130      131     152     151    
     68     151      152     173     172    
     69     172      173     194     193    
     70     193      194     215     214    
     71     214      215     236     235    
     72     235      236     257     256    
     73     256      257     278     277    
     74     277      278     299     298    
     75     298      299     320     319    
     76     319      320     341     340    
     77     340      341     362     361    
     78     361      362     383     382    
     79     382      383     404     403    
     80     403      404     425     424    
     81     5      6     27     26    
     82     26      27     48     47    
     83     47      48     69     68    
     84     68      69     90     89    
     85     89      90     111     110    
     86     110      111     132     131    
     87     131      132     153     152    
     88     152      153     174     173    
     89     173      174     195     194    
     90     194      195     216     215    
     91     215      216     237     236    
     92     236      237     258     257    
     93     257      258     279     278    
     94     278      279     300     299    
     95     299      300     321     320    
     96     320      321     342     341    
     97     341      342     363     362    
     98     362      363     384     383    
     99     383      384     405     404    
     100     404      405     426     425    
     101     6      7     28     27    
     102     27      28     49     48    
     103     48      49     70     69    
     104     69      70     91     90    
     105     90      91     112     111    
     106     111      112     133     132    
     107     132      133     154     153    
     108     153      154     175     174    
     109     174      175     196     195    
     110     195      196     217     216    
     111     216      217     238     237    
     112     237      238     259     258    
     113     258      259     280     279    
     114     279      280     301     300    
     115     300      301     322     321    
     116     321      322     343     342    
     117     342      343     364     363    
     118     363      364     385     384    
     119     384      385     406     405    
     120     405      406     427     426    
     121     7      8     29     28    
     122     28      29     50     49    
     123     49      50     71     70    
     124     70      71     92     91    
     125     91      92     113     112    
     126     112      113     134     133    
     127     133      134     155     154    
     128     154      155     176     175    
     129     175      176     197     196    
     130     196      197     218     217    
     131     217      218     239     238    
     132     238      239     260     259    
     133     259      260     281     280    
     134     280      281     302     301    
     135     301      302     323     322    
     136     322      323     344     343    
     137     343      344     365     364    
     138     364      365     386     385    
     139     385      386     407     406    
     140     406      407     428     427    
     141     8      9     30     29    
     142     29      30     51     50    
     143     50      51     72     71    
     144     71      72     93     92    
     145     92      93     114     113    
     146     113      114     135     134    
     147     134      135     156     155    
     148     155      156     177     176    
     149     176      177     198     197    
     150     197      198     219     218    
     151     218      219     240     239    
     152     239      240     261     260    
     153     260      261     282     281    
     154     281      282     303     302    
     155     302      303     324     323    
     156     323      324     345     344    
     157     344      345     366     365    
     158     365      366     387     386    
     159     386      387     408     407    
     160     407      408     429     428    
     161     9      10     31     30    
     162     30      31     52     51    
     163     51      52     73     72    
     164     72      73     94     93    
     165     93      94     115     114    
     166     114      115     136     135    
     167     135      136     157     156    
     168     156      157     178     177    
     169     177      178     199     198    
     170     198      199     220     219    
     171     219      220     241     240    
     172     240      241     262     261    
     173     261      262     283     282    
     174     282      283     304     303    
     175     303      304     325     324    
     176     324      325     346     345    
     177     345      346     367     366    
     178     366      367     388     387    
     179     387      388     409     408    
     180     408      409     430     429    
     181     10      11     32     31    
     182     31      32     53     52    
     183     52      53     74     73    
     184     73      74     95     94    
     185     94      95     116     115    
     186     115      116     137     136    
     187     136      137     158     157    
     188     157      158     179     178    
     189     178      179     200     199    
     190     199      200     221     220    
     191     220      221     242     241    
     192     241      242     263     262    
     193     262      263     284     283    
     194     283      284     305     304    
     195     304      305     326     325    
     196     325      326     347     346    
     197     346      347     368     367    
     198     367      368     389     388    
     199     388      389     410     409    
     200     409      410     431     430    
     201     11      12     33     32    
     202     32      33     54     53    
     203     53      54     75     74    
     204     74      75     96     95    
     205     95      96     117     116    
     206     116      117     138     137    
     207     137      138     159     158    
     208     158      159     180     179    
     209     179      180     201     200    
     210     200      201     222     221    
     211     221      222     243     242    
     212     242      243     264     263    
     213     263      264     285     284    
     214     284      285     306     305    
     215     305      306     327     326    
     216     326      327     348     347    
     217     347      348     369     368    
     218     368      369     390     389    
     219     389      390     411     410    
     220     410      411     432     431    
     221     12      13     34     33    
     222     33      34     55     54    
     223     54      55     76     75    
     224     75      76     97     96    
     225     96      97     118     117    
     226     117      118     139     138    
     227     138      139     160     159    
     228     159      160     181     180    
     229     180      181     202     201    
     230     201      202     223     222    
     231     222      223     244     243    
     232     243      244     265     264    
     233     264      265     286     285    
     234     285      286     307     306    
     235     306      307     328     327    
     236     327      328     349     348    
     237     348      349     370     369    
     238     369      370     391     390    
     239     390      391     412     411    
     240     411      412     433     432    
     241     13      14     35     34    
     242     34      35     56     55    
     243     55      56     77     76    
     244     76      77     98     97    
     245     97      98     119     118    
     246     118      119     140     139    
     247     139      140     161     160    
     248     160      161     182     181    
     249     181      182     203     202    
     250     202      203     224     223    
     251     223      224     245     244    
     252     244      245     266     265    
     253     265      266     287     286    
     254     286      287     308     307    
     255     307      308     329     328    
     256     328      329     350     349    
     257     349      350     371     370    
     258     370      371     392     391    
     259     391      392     413     412    
     260     412      413     434     433    
     261     14      15     36     35    
     262     35      36     57     56    
     263     56      57     78     77    
     264     77      78     99     98    
     265     98      99     120     119    
     266     119      120     141     140    
     267     140      141     162     161    
     268     161      162     183     182    
     269     182      183     204     203    
     270     203      204     225     224    
     271     224      225     246     245    
     272     245      246     267     266    
     273     266      267     288     287    
     274     287      288     309     308    
     275     308      309     330     329    
     276     329      330     351     350    
     277     350      351     372     371    
     278     371      372     393     392    
     279     392      393     414     413    
     280     413      414     435     434    
     281     15      16     37     36    
     282     36      37     58     57    
     283     57      58     79     78    
     284     78      79     100     99    
     285     99      100     121     120    
     286     120      121     142     141    
     287     141      142     163     162    
     288     162      163     184     183    
     289     183      184     205     204    
     290     204      205     226     225    
     291     225      226     247     246    
     292     246      247     268     267    
     293     267      268     289     288    
     294     288      289     310     309    
     295     309      310     331     330    
     296     330      331     352     351    
     297     351      352     373     372    
     298     372      373     394     393    
     299     393      394     415     414    
     300     414      415     436     435    
     301     16      17     38     37    
     302     37      38     59     58    
     303     58      59     80     79    
     304     79      80     101     100    
     305     100      101     122     121    
     306     121      122     143     142    
     307     142      143     164     163    
     308     163      164     185     184    
     309     184      185     206     205    
     310     205      206     227     226    
     311     226      227     248     247    
     312     247      248     269     268    
     313     268      269     290     289    
     314     289      290     311     310    
     315     310      311     332     331    
     316     331      332     353     352    
     317     352      353     374     373    
     318     373      374     395     394    
     319     394      395     416     415    
     320     415      416     437     436    
     321     17      18     39     38    
     322     38      39     60     59    
     323     59      60     81     80    
     324     80      81     102     101    
     325     101      102     123     122    
     326     122      123     144     143    
     327     143      144     165     164    
     328     164      165     186     185    
     329     185      186     207     206    
     330     206      207     228     227    
     331     227      228     249     248    
     332     248      249     270     269    
     333     269      270     291     290    
     334     290      291     312     311    
     335     311      312     333     332    
     336     332      333     354     353    
     337     353      354     375     374    
     338     374      375     396     395    
     339     395      396     417     416    
     340     416      417     438     437    
     341     18      19     40     39    
     342     39      40     61     60    
     343     60      61     82     81    
     344     81      82     103     102    
     345     102      103     124     123    
     346     123      124     145     144    
     347     144      145     166     165    
     348     165      166     187     186    
     349     186      187     208     207    
     350     207      208     229     228    
     351     228      229     250     249    
     352     249      250     271     270    
     353     270      271     292     291    
     354     291      292     313     312    
     355     312      313     334     333    
     356     333      334     355     354    
     357     354      355     376     375    
     358     375      376     397     396    
     359     396      397     418     417    
     360     417      418     439     438    
     361     19      20     41     40    
     362     40      41     62     61    
     363     61      62     83     82    
     364     82      83     104     103    
     365     103      104     125     124    
     366     124      125     146     145    
     367     145      146     167     166    
     368     166      167     188     187    
     369     187      188     209     208    
     370     208      209     230     229    
     371     229      230     251     250    
     372     250      251     272     271    
     373     271      272     293     292    
     374     292      293     314     313    
     375     313      314     335     334    
     376     334      335     356     355    
     377     355      356     377     376    
     378     376      377     398     397    
     379     397      398     419     418    
     380     418      419     440     439    
     381     20      21     42     41    
     382     41      42     63     62    
     383     62      63     84     83    
     384     83      84     105     104    
     385     104      105     126     125    
     386     125      126     147     146    
     387     146      147     168     167    
     388     167      168     189     188    
     389     188      189     210     209    
     390     209      210     231     230    
     391     230      231     252     251    
     392     251      252     273     272    
     393     272      273     294     293    
     394     293      294     315     314    
     395     314      315     336     335    
     396     335      336     357     356    
     397     356      357     378     377    
     398     377      378     399     398    
     399     398      399     420     419    
     400     419      420     441     440    
     160 
     1     1      0     
     1     2      0     
     2     1      0     
     2     2      0     
     3     1      0     
     3     2      0     
     4     1      0     
     4     2      0     
     5     1      0     
     5     2      0     
     6     1      0     
     6     2      0     
     7     1      0     
     7     2      0     
     8     1      0     
     8     2      0     
     9     1      0     
     9     2      0     
     10     1      0     
     10     2      0     
     11     1      0     
     11     2      0     
     12     1      0     
     12     2      0     
     13     1      0     
     13     2      0     
     14     1      0     
     14     2      0     
     15     1      0     
     15     2      0     
     16     1      0     
     16     2      0     
     17     1      0     
     17     2      0     
     18     1      0     
     18     2      0     
     19     1      0     
     19     2      0     
     20     1      0     
     20     2      0     
     21     1      0     
     21     2      0     
     22     1      0     
     22     2      0     
     42     1      0     
     42     2      0     
     43     1      0     
     43     2      0     
     63     1      0     
     63     2      0     
     64     1      0     
     64     2      0     
     84     1      0     
     84     2      0     
     85     1      0     
     85     2      0     
     105     1      0     
     105     2      0     
     106     1      0     
     106     2      0     
     126     1      0     
     126     2      0     
     127     1      0     
     127     2      0     
     147     1      0     
     147     2      0     
     148     1      0     
     148     2      0     
     168     1      0     
     168     2      0     
     169     1      0     
     169     2      0     
     189     1      0     
     189     2      0     
     190     1      0     
     190     2      0     
     210     1      0     
     210     2      0     
     211     1      0     
     211     2      0     
     231     1      0     
     231     2      0     
     232     1      0     
     232     2      0     
     252     1      0     
     252     2      0     
     253     1      0     
     253     2      0     
     273     1      0     
     273     2      0     
     274     1      0     
     274     2      0     
     294     1      0     
     294     2      0     
     295     1      0     
     295     2      0     
     315     1      0     
     315     2      0     
     316     1      0     
     316     2      0     
     336     1      0     
     336     2      0     
     337     1      0     
     337     2      0     
     357     1      0     
     357     2      0     
     358     1      0     
     358     2      0     
     378     1      0     
     378     2      0     
     379     1      0     
     379     2      0     
     399     1      0     
     399     2      0     
     400     1      0     
     400     2      0     
     420     1      0     
     420     2      0     
     421     1      1     
     421     2      0     
     422     1      1     
     422     2      0     
     423     1      1     
     423     2      0     
     424     1      1     
     424     2      0     
     425     1      1     
     425     2      0     
     426     1      1     
     426     2      0     
     427     1      1     
     427     2      0     
     428     1      1     
     428     2      0     
     429     1      1     
     429     2      0     
     430     1      1     
     430     2      0     
     431     1      1     
     431     2      0     
     432     1      1     
     432     2      0     
     433     1      1     
     433     2      0     
     434     1      1     
     434     2      0     
     435     1      1     
     435     2      0     
     436     1      1     
     436     2      0     
     437     1      1     
     437     2      0     
     438     1      1     
     438     2      0     
     439     1      1     
     439     2      0     
     440     1      1     
     440     2      0     
     441     1      1     
     441     2      0     
     0