19 
1 0.000000 0.000000 0.000000 
 2 0.500000 0.000000 0.000000 
 3 1.000000 0.000000 0.000000 
 4 1.500000 0.000000 0.000000 
 5 2.000000 0.000000 0.000000 
 6 2.500000 0.000000 0.000000 
 7 3.000000 0.000000 0.000000 
 8 3.500000 0.000000 0.000000 
 9 4.000000 0.000000 0.000000 
 10 4.500000 0.000000 0.000000 
 11 5.000000 0.000000 0.000000 
 12 0.000000 0.500000 0.000000 
 23 0.000000 1.000000 0.000000 
 34 0.000000 1.500000 0.000000 
 45 0.000000 2.000000 0.000000 
 56 0.000000 2.500000 0.000000 
 67 0.000000 3.000000 0.000000 
 78 0.000000 3.500000 0.000000 
 89 0.000000 4.000000 0.000000 
 16 
1 1 2 
 2 2 3 
 3 3 4 
 4 4 5 
 5 5 6 
 6 6 7 
 7 7 8 
 8 8 9 
 9 9 10 
 10 10 11 
 11 23 34 
 12 34 45 
 13 45 56 
 14 56 67 
 15 67 78 
 16 78 89 
 