     9 
     1     0.000000      0.000000     0.000000 
     2     10.000000      0.000000     0.000000 
     3     20.000000      0.000000     0.000000 
     4     0.000000      10.000000     0.000000 
     5     10.000000      10.000000     0.000000 
     6     20.000000      10.000000     0.000000 
     7     0.000000      20.000000     0.000000 
     8     10.000000      20.000000     0.000000 
     9     20.000000      20.000000     0.000000 
     8 	   1
     1     1      2     4 
     2     2      5     4 
     3     2      3     5 
     4     3      6     5 
     5     4      5     7 
     6     5      8     7 
     7     5      6     8 
     8     6      9     8 
     4
     1	   1	0 
     2	   1 	0
     3	   1	0
     9	   1	1000
     0
