         $Numeros de Nodos
 108 
$Lista de Nodos y sus coordenadas
     1     0.000000      0.000000     0.000000 
     2     0.272727      0.000000     0.000000 
     3     0.545455      0.000000     0.000000 
     4     0.818182      0.000000     0.000000 
     5     1.090909      0.000000     0.000000 
     6     1.363636      0.000000     0.000000 
     7     1.636364      0.000000     0.000000 
     8     1.909091      0.000000     0.000000 
     9     2.181818      0.000000     0.000000 
     10     2.454545      0.000000     0.000000 
     11     2.727273      0.000000     0.000000 
     12     3.000000      0.000000     0.000000 
     13     0.000000      0.125000     0.000000 
     14     0.272727      0.125000     0.000000 
     15     0.545455      0.125000     0.000000 
     16     0.818182      0.125000     0.000000 
     17     1.090909      0.125000     0.000000 
     18     1.363636      0.125000     0.000000 
     19     1.636364      0.125000     0.000000 
     20     1.909091      0.125000     0.000000 
     21     2.181818      0.125000     0.000000 
     22     2.454545      0.125000     0.000000 
     23     2.727273      0.125000     0.000000 
     24     3.000000      0.125000     0.000000 
     25     0.000000      0.250000     0.000000 
     26     0.272727      0.250000     0.000000 
     27     0.545455      0.250000     0.000000 
     28     0.818182      0.250000     0.000000 
     29     1.090909      0.250000     0.000000 
     30     1.363636      0.250000     0.000000 
     31     1.636364      0.250000     0.000000 
     32     1.909091      0.250000     0.000000 
     33     2.181818      0.250000     0.000000 
     34     2.454545      0.250000     0.000000 
     35     2.727273      0.250000     0.000000 
     36     3.000000      0.250000     0.000000 
     37     0.000000      0.375000     0.000000 
     38     0.272727      0.375000     0.000000 
     39     0.545455      0.375000     0.000000 
     40     0.818182      0.375000     0.000000 
     41     1.090909      0.375000     0.000000 
     42     1.363636      0.375000     0.000000 
     43     1.636364      0.375000     0.000000 
     44     1.909091      0.375000     0.000000 
     45     2.181818      0.375000     0.000000 
     46     2.454545      0.375000     0.000000 
     47     2.727273      0.375000     0.000000 
     48     3.000000      0.375000     0.000000 
     49     0.000000      0.500000     0.000000 
     50     0.272727      0.500000     0.000000 
     51     0.545455      0.500000     0.000000 
     52     0.818182      0.500000     0.000000 
     53     1.090909      0.500000     0.000000 
     54     1.363636      0.500000     0.000000 
     55     1.636364      0.500000     0.000000 
     56     1.909091      0.500000     0.000000 
     57     2.181818      0.500000     0.000000 
     58     2.454545      0.500000     0.000000 
     59     2.727273      0.500000     0.000000 
     60     3.000000      0.500000     0.000000 
     61     0.000000      0.625000     0.000000 
     62     0.272727      0.625000     0.000000 
     63     0.545455      0.625000     0.000000 
     64     0.818182      0.625000     0.000000 
     65     1.090909      0.625000     0.000000 
     66     1.363636      0.625000     0.000000 
     67     1.636364      0.625000     0.000000 
     68     1.909091      0.625000     0.000000 
     69     2.181818      0.625000     0.000000 
     70     2.454545      0.625000     0.000000 
     71     2.727273      0.625000     0.000000 
     72     3.000000      0.625000     0.000000 
     73     0.000000      0.750000     0.000000 
     74     0.272727      0.750000     0.000000 
     75     0.545455      0.750000     0.000000 
     76     0.818182      0.750000     0.000000 
     77     1.090909      0.750000     0.000000 
     78     1.363636      0.750000     0.000000 
     79     1.636364      0.750000     0.000000 
     80     1.909091      0.750000     0.000000 
     81     2.181818      0.750000     0.000000 
     82     2.454545      0.750000     0.000000 
     83     2.727273      0.750000     0.000000 
     84     3.000000      0.750000     0.000000 
     85     0.000000      0.875000     0.000000 
     86     0.272727      0.875000     0.000000 
     87     0.545455      0.875000     0.000000 
     88     0.818182      0.875000     0.000000 
     89     1.090909      0.875000     0.000000 
     90     1.363636      0.875000     0.000000 
     91     1.636364      0.875000     0.000000 
     92     1.909091      0.875000     0.000000 
     93     2.181818      0.875000     0.000000 
     94     2.454545      0.875000     0.000000 
     95     2.727273      0.875000     0.000000 
     96     3.000000      0.875000     0.000000 
     97     0.000000      1.000000     0.000000 
     98     0.272727      1.000000     0.000000 
     99     0.545455      1.000000     0.000000 
     100     0.818182      1.000000     0.000000 
     101     1.090909      1.000000     0.000000 
     102     1.363636      1.000000     0.000000 
     103     1.636364      1.000000     0.000000 
     104     1.909091      1.000000     0.000000 
     105     2.181818      1.000000     0.000000 
     106     2.454545      1.000000     0.000000 
     107     2.727273      1.000000     0.000000 
     108     3.000000      1.000000     0.000000 
   $Numero de elementos (conectividades) y tipo de elemento, 1=Lineal una direccion, 2=Lineal dos direcciones...
     176   2
$Conectividades por elemento  Elemento/Nodos a b c
     1     1      2     13 
     2     2      14     13 
     3     2      3     14 
     4     3      15     14 
     5     3      4     15 
     6     4      16     15 
     7     4      5     16 
     8     5      17     16 
     9     5      6     17 
     10     6      18     17 
     11     6      7     18 
     12     7      19     18 
     13     7      8     19 
     14     8      20     19 
     15     8      9     20 
     16     9      21     20 
     17     9      10     21 
     18     10      22     21 
     19     10      11     22 
     20     11      23     22 
     21     11      12     23 
     22     12      24     23 
     23     13      14     25 
     24     14      26     25 
     25     14      15     26 
     26     15      27     26 
     27     15      16     27 
     28     16      28     27 
     29     16      17     28 
     30     17      29     28 
     31     17      18     29 
     32     18      30     29 
     33     18      19     30 
     34     19      31     30 
     35     19      20     31 
     36     20      32     31 
     37     20      21     32 
     38     21      33     32 
     39     21      22     33 
     40     22      34     33 
     41     22      23     34 
     42     23      35     34 
     43     23      24     35 
     44     24      36     35 
     45     25      26     37 
     46     26      38     37 
     47     26      27     38 
     48     27      39     38 
     49     27      28     39 
     50     28      40     39 
     51     28      29     40 
     52     29      41     40 
     53     29      30     41 
     54     30      42     41 
     55     30      31     42 
     56     31      43     42 
     57     31      32     43 
     58     32      44     43 
     59     32      33     44 
     60     33      45     44 
     61     33      34     45 
     62     34      46     45 
     63     34      35     46 
     64     35      47     46 
     65     35      36     47 
     66     36      48     47 
     67     37      38     49 
     68     38      50     49 
     69     38      39     50 
     70     39      51     50 
     71     39      40     51 
     72     40      52     51 
     73     40      41     52 
     74     41      53     52 
     75     41      42     53 
     76     42      54     53 
     77     42      43     54 
     78     43      55     54 
     79     43      44     55 
     80     44      56     55 
     81     44      45     56 
     82     45      57     56 
     83     45      46     57 
     84     46      58     57 
     85     46      47     58 
     86     47      59     58 
     87     47      48     59 
     88     48      60     59 
     89     49      50     61 
     90     50      62     61 
     91     50      51     62 
     92     51      63     62 
     93     51      52     63 
     94     52      64     63 
     95     52      53     64 
     96     53      65     64 
     97     53      54     65 
     98     54      66     65 
     99     54      55     66 
     100     55      67     66 
     101     55      56     67 
     102     56      68     67 
     103     56      57     68 
     104     57      69     68 
     105     57      58     69 
     106     58      70     69 
     107     58      59     70 
     108     59      71     70 
     109     59      60     71 
     110     60      72     71 
     111     61      62     73 
     112     62      74     73 
     113     62      63     74 
     114     63      75     74 
     115     63      64     75 
     116     64      76     75 
     117     64      65     76 
     118     65      77     76 
     119     65      66     77 
     120     66      78     77 
     121     66      67     78 
     122     67      79     78 
     123     67      68     79 
     124     68      80     79 
     125     68      69     80 
     126     69      81     80 
     127     69      70     81 
     128     70      82     81 
     129     70      71     82 
     130     71      83     82 
     131     71      72     83 
     132     72      84     83 
     133     73      74     85 
     134     74      86     85 
     135     74      75     86 
     136     75      87     86 
     137     75      76     87 
     138     76      88     87 
     139     76      77     88 
     140     77      89     88 
     141     77      78     89 
     142     78      90     89 
     143     78      79     90 
     144     79      91     90 
     145     79      80     91 
     146     80      92     91 
     147     80      81     92 
     148     81      93     92 
     149     81      82     93 
     150     82      94     93 
     151     82      83     94 
     152     83      95     94 
     153     83      84     95 
     154     84      96     95 
     155     85      86     97 
     156     86      98     97 
     157     86      87     98 
     158     87      99     98 
     159     87      88     99 
     160     88      100     99 
     161     88      89     100 
     162     89      101     100 
     163     89      90     101 
     164     90      102     101 
     165     90      91     102 
     166     91      103     102 
     167     91      92     103 
     168     92      104     103 
     169     92      93     104 
     170     93      105     104 
     171     93      94     105 
     172     94      106     105 
     173     94      95     106 
     174     95      107     106 
     175     95      96     107 
     176     96      108     107 
   $Cantidad de Nodos con Condicion Dirchlet
  9
$Nodo/Grados de Libertad/CBx  /CBy
     1       2       0       0
     13      2       0       0
     25      2       0       0
     37      2       0       0
     49      2       0       0
     61      2       0       0
     73      2       0       0
     85      2       0       0
     97      2       0       0
 $LISTA DE CARGAS NODALES 
    9
$Nodo Nodo/Grados de Libertad/Fx  /Fy
     12      2       0       0.0748
     24      2       0       0.5402
     36      2       0       0.9309
     48      2       0       1.1653
     60      2       0       1.2434
     72      2       0       1.1653
     84      2       0       0.9309
     96      2       0       0.5402
     108     2       0       0.0748
$Espesor de Placa
   1
$Modulo de Elasticidad de la PLaca
   10000
$Coeficiente de Poisson
   0.3  