     66 
     1     0.000000      0.000000     0.000000 
     2     0.300000      0.000000     0.000000 
     3     0.600000      0.000000     0.000000 
     4     0.900000      0.000000     0.000000 
     5     1.200000      0.000000     0.000000 
     6     1.500000      0.000000     0.000000 
     7     1.800000      0.000000     0.000000 
     8     2.100000      0.000000     0.000000 
     9     2.400000      0.000000     0.000000 
     10     2.700000      0.000000     0.000000 
     11     3.000000      0.000000     0.000000 
     12     0.000000      0.200000     0.000000 
     13     0.300000      0.200000     0.000000 
     14     0.600000      0.200000     0.000000 
     15     0.900000      0.200000     0.000000 
     16     1.200000      0.200000     0.000000 
     17     1.500000      0.200000     0.000000 
     18     1.800000      0.200000     0.000000 
     19     2.100000      0.200000     0.000000 
     20     2.400000      0.200000     0.000000 
     21     2.700000      0.200000     0.000000 
     22     3.000000      0.200000     0.000000 
     23     0.000000      0.400000     0.000000 
     24     0.300000      0.400000     0.000000 
     25     0.600000      0.400000     0.000000 
     26     0.900000      0.400000     0.000000 
     27     1.200000      0.400000     0.000000 
     28     1.500000      0.400000     0.000000 
     29     1.800000      0.400000     0.000000 
     30     2.100000      0.400000     0.000000 
     31     2.400000      0.400000     0.000000 
     32     2.700000      0.400000     0.000000 
     33     3.000000      0.400000     0.000000 
     34     0.000000      0.600000     0.000000 
     35     0.300000      0.600000     0.000000 
     36     0.600000      0.600000     0.000000 
     37     0.900000      0.600000     0.000000 
     38     1.200000      0.600000     0.000000 
     39     1.500000      0.600000     0.000000 
     40     1.800000      0.600000     0.000000 
     41     2.100000      0.600000     0.000000 
     42     2.400000      0.600000     0.000000 
     43     2.700000      0.600000     0.000000 
     44     3.000000      0.600000     0.000000 
     45     0.000000      0.800000     0.000000 
     46     0.300000      0.800000     0.000000 
     47     0.600000      0.800000     0.000000 
     48     0.900000      0.800000     0.000000 
     49     1.200000      0.800000     0.000000 
     50     1.500000      0.800000     0.000000 
     51     1.800000      0.800000     0.000000 
     52     2.100000      0.800000     0.000000 
     53     2.400000      0.800000     0.000000 
     54     2.700000      0.800000     0.000000 
     55     3.000000      0.800000     0.000000 
     56     0.000000      1.000000     0.000000 
     57     0.300000      1.000000     0.000000 
     58     0.600000      1.000000     0.000000 
     59     0.900000      1.000000     0.000000 
     60     1.200000      1.000000     0.000000 
     61     1.500000      1.000000     0.000000 
     62     1.800000      1.000000     0.000000 
     63     2.100000      1.000000     0.000000 
     64     2.400000      1.000000     0.000000 
     65     2.700000      1.000000     0.000000 
     66     3.000000      1.000000     0.000000 
     100   2
     1     1      2     12 
     2     2      13     12 
     3     2      3     13 
     4     3      14     13 
     5     3      4     14 
     6     4      15     14 
     7     4      5     15 
     8     5      16     15 
     9     5      6     16 
     10     6      17     16 
     11     6      7     17 
     12     7      18     17 
     13     7      8     18 
     14     8      19     18 
     15     8      9     19 
     16     9      20     19 
     17     9      10     20 
     18     10      21     20 
     19     10      11     21 
     20     11      22     21 
     21     12      13     23 
     22     13      24     23 
     23     13      14     24 
     24     14      25     24 
     25     14      15     25 
     26     15      26     25 
     27     15      16     26 
     28     16      27     26 
     29     16      17     27 
     30     17      28     27 
     31     17      18     28 
     32     18      29     28 
     33     18      19     29 
     34     19      30     29 
     35     19      20     30 
     36     20      31     30 
     37     20      21     31 
     38     21      32     31 
     39     21      22     32 
     40     22      33     32 
     41     23      24     34 
     42     24      35     34 
     43     24      25     35 
     44     25      36     35 
     45     25      26     36 
     46     26      37     36 
     47     26      27     37 
     48     27      38     37 
     49     27      28     38 
     50     28      39     38 
     51     28      29     39 
     52     29      40     39 
     53     29      30     40 
     54     30      41     40 
     55     30      31     41 
     56     31      42     41 
     57     31      32     42 
     58     32      43     42 
     59     32      33     43 
     60     33      44     43 
     61     34      35     45 
     62     35      46     45 
     63     35      36     46 
     64     36      47     46 
     65     36      37     47 
     66     37      48     47 
     67     37      38     48 
     68     38      49     48 
     69     38      39     49 
     70     39      50     49 
     71     39      40     50 
     72     40      51     50 
     73     40      41     51 
     74     41      52     51 
     75     41      42     52 
     76     42      53     52 
     77     42      43     53 
     78     43      54     53 
     79     43      44     54 
     80     44      55     54 
     81     45      46     56 
     82     46      57     56 
     83     46      47     57 
     84     47      58     57 
     85     47      48     58 
     86     48      59     58 
     87     48      49     59 
     88     49      60     59 
     89     49      50     60 
     90     50      61     60 
     91     50      51     61 
     92     51      62     61 
     93     51      52     62 
     94     52      63     62 
     95     52      53     63 
     96     53      64     63 
     97     53      54     64 
     98     54      65     64 
     99     54      55     65 
     100     55      66     65 
     6
     1       2      0      0
     12	     2	    0	   0
     23	     2	    0	   0
     34	     2	    0	   0
     45	     2	    0	   0
     56	     2	    0	   0
     6
     11      2    0      0.3373 
     22      2    0      0.8506 
     33      2    0      0.9786 
     44      2    0      0.9786 
     55      2    0      0.8506 
     66      2    0      0.3373 
