     $Numeros de Nodos
 70 
$Lista de Nodos y sus coordenadas
     1     0.000000      0.000000     0.000000 
     2     0.333333      0.000000     0.000000 
     3     0.666667      0.000000     0.000000 
     4     1.000000      0.000000     0.000000 
     5     1.333333      0.000000     0.000000 
     6     1.666667      0.000000     0.000000 
     7     2.000000      0.000000     0.000000 
     8     2.333333      0.000000     0.000000 
     9     2.666667      0.000000     0.000000 
     10     3.000000      0.000000     0.000000 
     11     0.000000      0.166667     0.000000 
     12     0.333333      0.166667     0.000000 
     13     0.666667      0.166667     0.000000 
     14     1.000000      0.166667     0.000000 
     15     1.333333      0.166667     0.000000 
     16     1.666667      0.166667     0.000000 
     17     2.000000      0.166667     0.000000 
     18     2.333333      0.166667     0.000000 
     19     2.666667      0.166667     0.000000 
     20     3.000000      0.166667     0.000000 
     21     0.000000      0.333333     0.000000 
     22     0.333333      0.333333     0.000000 
     23     0.666667      0.333333     0.000000 
     24     1.000000      0.333333     0.000000 
     25     1.333333      0.333333     0.000000 
     26     1.666667      0.333333     0.000000 
     27     2.000000      0.333333     0.000000 
     28     2.333333      0.333333     0.000000 
     29     2.666667      0.333333     0.000000 
     30     3.000000      0.333333     0.000000 
     31     0.000000      0.500000     0.000000 
     32     0.333333      0.500000     0.000000 
     33     0.666667      0.500000     0.000000 
     34     1.000000      0.500000     0.000000 
     35     1.333333      0.500000     0.000000 
     36     1.666667      0.500000     0.000000 
     37     2.000000      0.500000     0.000000 
     38     2.333333      0.500000     0.000000 
     39     2.666667      0.500000     0.000000 
     40     3.000000      0.500000     0.000000 
     41     0.000000      0.666667     0.000000 
     42     0.333333      0.666667     0.000000 
     43     0.666667      0.666667     0.000000 
     44     1.000000      0.666667     0.000000 
     45     1.333333      0.666667     0.000000 
     46     1.666667      0.666667     0.000000 
     47     2.000000      0.666667     0.000000 
     48     2.333333      0.666667     0.000000 
     49     2.666667      0.666667     0.000000 
     50     3.000000      0.666667     0.000000 
     51     0.000000      0.833333     0.000000 
     52     0.333333      0.833333     0.000000 
     53     0.666667      0.833333     0.000000 
     54     1.000000      0.833333     0.000000 
     55     1.333333      0.833333     0.000000 
     56     1.666667      0.833333     0.000000 
     57     2.000000      0.833333     0.000000 
     58     2.333333      0.833333     0.000000 
     59     2.666667      0.833333     0.000000 
     60     3.000000      0.833333     0.000000 
     61     0.000000      1.000000     0.000000 
     62     0.333333      1.000000     0.000000 
     63     0.666667      1.000000     0.000000 
     64     1.000000      1.000000     0.000000 
     65     1.333333      1.000000     0.000000 
     66     1.666667      1.000000     0.000000 
     67     2.000000      1.000000     0.000000 
     68     2.333333      1.000000     0.000000 
     69     2.666667      1.000000     0.000000 
     70     3.000000      1.000000     0.000000 
   $Numero de elementos (conectividades) y tipo de elemento, 1=Lineal una direccion, 2=Lineal dos direcciones...
  108   2
$Conectividades por elemento  Elemento/Nodos a b c
     1     1      2     11 
     2     2      12     11 
     3     2      3     12 
     4     3      13     12 
     5     3      4     13 
     6     4      14     13 
     7     4      5     14 
     8     5      15     14 
     9     5      6     15 
     10     6      16     15 
     11     6      7     16 
     12     7      17     16 
     13     7      8     17 
     14     8      18     17 
     15     8      9     18 
     16     9      19     18 
     17     9      10     19 
     18     10      20     19 
     19     11      12     21 
     20     12      22     21 
     21     12      13     22 
     22     13      23     22 
     23     13      14     23 
     24     14      24     23 
     25     14      15     24 
     26     15      25     24 
     27     15      16     25 
     28     16      26     25 
     29     16      17     26 
     30     17      27     26 
     31     17      18     27 
     32     18      28     27 
     33     18      19     28 
     34     19      29     28 
     35     19      20     29 
     36     20      30     29 
     37     21      22     31 
     38     22      32     31 
     39     22      23     32 
     40     23      33     32 
     41     23      24     33 
     42     24      34     33 
     43     24      25     34 
     44     25      35     34 
     45     25      26     35 
     46     26      36     35 
     47     26      27     36 
     48     27      37     36 
     49     27      28     37 
     50     28      38     37 
     51     28      29     38 
     52     29      39     38 
     53     29      30     39 
     54     30      40     39 
     55     31      32     41 
     56     32      42     41 
     57     32      33     42 
     58     33      43     42 
     59     33      34     43 
     60     34      44     43 
     61     34      35     44 
     62     35      45     44 
     63     35      36     45 
     64     36      46     45 
     65     36      37     46 
     66     37      47     46 
     67     37      38     47 
     68     38      48     47 
     69     38      39     48 
     70     39      49     48 
     71     39      40     49 
     72     40      50     49 
     73     41      42     51 
     74     42      52     51 
     75     42      43     52 
     76     43      53     52 
     77     43      44     53 
     78     44      54     53 
     79     44      45     54 
     80     45      55     54 
     81     45      46     55 
     82     46      56     55 
     83     46      47     56 
     84     47      57     56 
     85     47      48     57 
     86     48      58     57 
     87     48      49     58 
     88     49      59     58 
     89     49      50     59 
     90     50      60     59 
     91     51      52     61 
     92     52      62     61 
     93     52      53     62 
     94     53      63     62 
     95     53      54     63 
     96     54      64     63 
     97     54      55     64 
     98     55      65     64 
     99     55      56     65 
     100     56      66     65 
     101     56      57     66 
     102     57      67     66 
     103     57      58     67 
     104     58      68     67 
     105     58      59     68 
     106     59      69     68 
     107     59      60     69 
     108     60      70     69 
    $Cantidad de Nodos con Condicion Dirchlet
 7
$Nodo/Grados de Libertad/CBx  /CBy
     1       2       0       0
     11       2       0       0
     21      2       0       0
     31      2       0       0
     41      2       0       0
     51      2       0       0
     61      2       0       0
$LISTA DE CARGAS NODALES 
     7
$Nodo Nodo/Grados de Libertad/Fx  /Fy
     10       2       0       0.1311
     20      2       0       0.9104
     30      2       0       1.4660
     40      2       0       1.6512
     50      2       0       1.4660
     60      2       0       0.9104
     70      2       0       0.1311
$Espesor de Placa
   1
$Modulo de Elasticidad de la PLaca
   10000
$Coeficiente de Poisson
   0.3    