     100 
     1     0.000000      0.000000     0.000000 
     2     0.111111      0.000000     0.000000 
     3     0.222222      0.000000     0.000000 
     4     0.333333      0.000000     0.000000 
     5     0.444444      0.000000     0.000000 
     6     0.555556      0.000000     0.000000 
     7     0.666667      0.000000     0.000000 
     8     0.777778      0.000000     0.000000 
     9     0.888889      0.000000     0.000000 
     10     1.000000      0.000000     0.000000 
     11     0.000000      0.111111     0.000000 
     12     0.111111      0.111111     0.000000 
     13     0.222222      0.111111     0.000000 
     14     0.333333      0.111111     0.000000 
     15     0.444444      0.111111     0.000000 
     16     0.555556      0.111111     0.000000 
     17     0.666667      0.111111     0.000000 
     18     0.777778      0.111111     0.000000 
     19     0.888889      0.111111     0.000000 
     20     1.000000      0.111111     0.000000 
     21     0.000000      0.222222     0.000000 
     22     0.111111      0.222222     0.000000 
     23     0.222222      0.222222     0.000000 
     24     0.333333      0.222222     0.000000 
     25     0.444444      0.222222     0.000000 
     26     0.555556      0.222222     0.000000 
     27     0.666667      0.222222     0.000000 
     28     0.777778      0.222222     0.000000 
     29     0.888889      0.222222     0.000000 
     30     1.000000      0.222222     0.000000 
     31     0.000000      0.333333     0.000000 
     32     0.111111      0.333333     0.000000 
     33     0.222222      0.333333     0.000000 
     34     0.333333      0.333333     0.000000 
     35     0.444444      0.333333     0.000000 
     36     0.555556      0.333333     0.000000 
     37     0.666667      0.333333     0.000000 
     38     0.777778      0.333333     0.000000 
     39     0.888889      0.333333     0.000000 
     40     1.000000      0.333333     0.000000 
     41     0.000000      0.444444     0.000000 
     42     0.111111      0.444444     0.000000 
     43     0.222222      0.444444     0.000000 
     44     0.333333      0.444444     0.000000 
     45     0.444444      0.444444     0.000000 
     46     0.555556      0.444444     0.000000 
     47     0.666667      0.444444     0.000000 
     48     0.777778      0.444444     0.000000 
     49     0.888889      0.444444     0.000000 
     50     1.000000      0.444444     0.000000 
     51     0.000000      0.555556     0.000000 
     52     0.111111      0.555556     0.000000 
     53     0.222222      0.555556     0.000000 
     54     0.333333      0.555556     0.000000 
     55     0.444444      0.555556     0.000000 
     56     0.555556      0.555556     0.000000 
     57     0.666667      0.555556     0.000000 
     58     0.777778      0.555556     0.000000 
     59     0.888889      0.555556     0.000000 
     60     1.000000      0.555556     0.000000 
     61     0.000000      0.666667     0.000000 
     62     0.111111      0.666667     0.000000 
     63     0.222222      0.666667     0.000000 
     64     0.333333      0.666667     0.000000 
     65     0.444444      0.666667     0.000000 
     66     0.555556      0.666667     0.000000 
     67     0.666667      0.666667     0.000000 
     68     0.777778      0.666667     0.000000 
     69     0.888889      0.666667     0.000000 
     70     1.000000      0.666667     0.000000 
     71     0.000000      0.777778     0.000000 
     72     0.111111      0.777778     0.000000 
     73     0.222222      0.777778     0.000000 
     74     0.333333      0.777778     0.000000 
     75     0.444444      0.777778     0.000000 
     76     0.555556      0.777778     0.000000 
     77     0.666667      0.777778     0.000000 
     78     0.777778      0.777778     0.000000 
     79     0.888889      0.777778     0.000000 
     80     1.000000      0.777778     0.000000 
     81     0.000000      0.888889     0.000000 
     82     0.111111      0.888889     0.000000 
     83     0.222222      0.888889     0.000000 
     84     0.333333      0.888889     0.000000 
     85     0.444444      0.888889     0.000000 
     86     0.555556      0.888889     0.000000 
     87     0.666667      0.888889     0.000000 
     88     0.777778      0.888889     0.000000 
     89     0.888889      0.888889     0.000000 
     90     1.000000      0.888889     0.000000 
     91     0.000000      1.000000     0.000000 
     92     0.111111      1.000000     0.000000 
     93     0.222222      1.000000     0.000000 
     94     0.333333      1.000000     0.000000 
     95     0.444444      1.000000     0.000000 
     96     0.555556      1.000000     0.000000 
     97     0.666667      1.000000     0.000000 
     98     0.777778      1.000000     0.000000 
     99     0.888889      1.000000     0.000000 
     100     1.000000      1.000000     0.000000 
     162  7  
     1     1      2     11 
     2     2      12     11 
     3     2      3     12 
     4     3      13     12 
     5     3      4     13 
     6     4      14     13 
     7     4      5     14 
     8     5      15     14 
     9     5      6     15 
     10     6      16     15 
     11     6      7     16 
     12     7      17     16 
     13     7      8     17 
     14     8      18     17 
     15     8      9     18 
     16     9      19     18 
     17     9      10     19 
     18     10      20     19 
     19     11      12     21 
     20     12      22     21 
     21     12      13     22 
     22     13      23     22 
     23     13      14     23 
     24     14      24     23 
     25     14      15     24 
     26     15      25     24 
     27     15      16     25 
     28     16      26     25 
     29     16      17     26 
     30     17      27     26 
     31     17      18     27 
     32     18      28     27 
     33     18      19     28 
     34     19      29     28 
     35     19      20     29 
     36     20      30     29 
     37     21      22     31 
     38     22      32     31 
     39     22      23     32 
     40     23      33     32 
     41     23      24     33 
     42     24      34     33 
     43     24      25     34 
     44     25      35     34 
     45     25      26     35 
     46     26      36     35 
     47     26      27     36 
     48     27      37     36 
     49     27      28     37 
     50     28      38     37 
     51     28      29     38 
     52     29      39     38 
     53     29      30     39 
     54     30      40     39 
     55     31      32     41 
     56     32      42     41 
     57     32      33     42 
     58     33      43     42 
     59     33      34     43 
     60     34      44     43 
     61     34      35     44 
     62     35      45     44 
     63     35      36     45 
     64     36      46     45 
     65     36      37     46 
     66     37      47     46 
     67     37      38     47 
     68     38      48     47 
     69     38      39     48 
     70     39      49     48 
     71     39      40     49 
     72     40      50     49 
     73     41      42     51 
     74     42      52     51 
     75     42      43     52 
     76     43      53     52 
     77     43      44     53 
     78     44      54     53 
     79     44      45     54 
     80     45      55     54 
     81     45      46     55 
     82     46      56     55 
     83     46      47     56 
     84     47      57     56 
     85     47      48     57 
     86     48      58     57 
     87     48      49     58 
     88     49      59     58 
     89     49      50     59 
     90     50      60     59 
     91     51      52     61 
     92     52      62     61 
     93     52      53     62 
     94     53      63     62 
     95     53      54     63 
     96     54      64     63 
     97     54      55     64 
     98     55      65     64 
     99     55      56     65 
     100     56      66     65 
     101     56      57     66 
     102     57      67     66 
     103     57      58     67 
     104     58      68     67 
     105     58      59     68 
     106     59      69     68 
     107     59      60     69 
     108     60      70     69 
     109     61      62     71 
     110     62      72     71 
     111     62      63     72 
     112     63      73     72 
     113     63      64     73 
     114     64      74     73 
     115     64      65     74 
     116     65      75     74 
     117     65      66     75 
     118     66      76     75 
     119     66      67     76 
     120     67      77     76 
     121     67      68     77 
     122     68      78     77 
     123     68      69     78 
     124     69      79     78 
     125     69      70     79 
     126     70      80     79 
     127     71      72     81 
     128     72      82     81 
     129     72      73     82 
     130     73      83     82 
     131     73      74     83 
     132     74      84     83 
     133     74      75     84 
     134     75      85     84 
     135     75      76     85 
     136     76      86     85 
     137     76      77     86 
     138     77      87     86 
     139     77      78     87 
     140     78      88     87 
     141     78      79     88 
     142     79      89     88 
     143     79      80     89 
     144     80      90     89 
     145     81      82     91 
     146     82      92     91 
     147     82      83     92 
     148     83      93     92 
     149     83      84     93 
     150     84      94     93 
     151     84      85     94 
     152     85      95     94 
     153     85      86     95 
     154     86      96     95 
     155     86      87     96 
     156     87      97     96 
     157     87      88     97 
     158     88      98     97 
     159     88      89     98 
     160     89      99     98 
     161     89      90     99 
     162     90      100     99 
     72  
     1     3      0  
     1     2      0  
     2     3      0  
     2     2      0  
     3     3      0  
     3     2      0  
     4     3      0  
     4     2      0  
     5     3      0  
     5     2      0  
     6     3      0  
     6     2      0  
     7     3      0  
     7     2      0  
     8     3      0  
     8     2      0  
     9     3      0  
     9     2      0  
     10     3      0  
     10     2      0  
     11     3      0  
     11     2      0  
     21     3      0  
     21     2      0  
     31     3      0  
     31     2      0  
     41     3      0  
     41     2      0  
     51     3      0  
     51     2      0  
     61     3      0  
     61     2      0  
     71     3      0  
     71     2      0  
     81     3      0  
     81     2      0  
     20     3      0  
     20     2      0  
     30     3      0  
     30     2      0  
     40     3      0  
     40     2      0  
     50     3      0  
     50     2      0  
     60     3      0  
     60     2      0  
     70     3      0  
     70     2      0  
     80     3      0  
     80     2      0  
     90     3      0  
     90     2      0  
     91     3      -1  
     91     2      0  
     92     3      -1  
     92     2      0  
     93     3      -1  
     93     2      0  
     94     3      -1  
     94     2      0  
     95     3      -1  
     95     2      0  
     96     3      -1  
     96     2      0  
     97     3      -1  
     97     2      0  
     98     3      -1  
     98     2      0  
     99     3      -1  
     99     2      0  
     100     3      -1  
     100     2      0  
