     361 
     1     0.000000      0.000000     0.000000 
     2     0.055556      0.000000     0.000000 
     3     0.111111      0.000000     0.000000 
     4     0.166667      0.000000     0.000000 
     5     0.222222      0.000000     0.000000 
     6     0.277778      0.000000     0.000000 
     7     0.333333      0.000000     0.000000 
     8     0.388889      0.000000     0.000000 
     9     0.444444      0.000000     0.000000 
     10     0.500000      0.000000     0.000000 
     11     0.555556      0.000000     0.000000 
     12     0.611111      0.000000     0.000000 
     13     0.666667      0.000000     0.000000 
     14     0.722222      0.000000     0.000000 
     15     0.777778      0.000000     0.000000 
     16     0.833333      0.000000     0.000000 
     17     0.888889      0.000000     0.000000 
     18     0.944444      0.000000     0.000000 
     19     1.000000      0.000000     0.000000 
     20     0.000000      0.055556     0.000000 
     21     0.055556      0.055556     0.000000 
     22     0.111111      0.055556     0.000000 
     23     0.166667      0.055556     0.000000 
     24     0.222222      0.055556     0.000000 
     25     0.277778      0.055556     0.000000 
     26     0.333333      0.055556     0.000000 
     27     0.388889      0.055556     0.000000 
     28     0.444444      0.055556     0.000000 
     29     0.500000      0.055556     0.000000 
     30     0.555556      0.055556     0.000000 
     31     0.611111      0.055556     0.000000 
     32     0.666667      0.055556     0.000000 
     33     0.722222      0.055556     0.000000 
     34     0.777778      0.055556     0.000000 
     35     0.833333      0.055556     0.000000 
     36     0.888889      0.055556     0.000000 
     37     0.944444      0.055556     0.000000 
     38     1.000000      0.055556     0.000000 
     39     0.000000      0.111111     0.000000 
     40     0.055556      0.111111     0.000000 
     41     0.111111      0.111111     0.000000 
     42     0.166667      0.111111     0.000000 
     43     0.222222      0.111111     0.000000 
     44     0.277778      0.111111     0.000000 
     45     0.333333      0.111111     0.000000 
     46     0.388889      0.111111     0.000000 
     47     0.444444      0.111111     0.000000 
     48     0.500000      0.111111     0.000000 
     49     0.555556      0.111111     0.000000 
     50     0.611111      0.111111     0.000000 
     51     0.666667      0.111111     0.000000 
     52     0.722222      0.111111     0.000000 
     53     0.777778      0.111111     0.000000 
     54     0.833333      0.111111     0.000000 
     55     0.888889      0.111111     0.000000 
     56     0.944444      0.111111     0.000000 
     57     1.000000      0.111111     0.000000 
     58     0.000000      0.166667     0.000000 
     59     0.055556      0.166667     0.000000 
     60     0.111111      0.166667     0.000000 
     61     0.166667      0.166667     0.000000 
     62     0.222222      0.166667     0.000000 
     63     0.277778      0.166667     0.000000 
     64     0.333333      0.166667     0.000000 
     65     0.388889      0.166667     0.000000 
     66     0.444444      0.166667     0.000000 
     67     0.500000      0.166667     0.000000 
     68     0.555556      0.166667     0.000000 
     69     0.611111      0.166667     0.000000 
     70     0.666667      0.166667     0.000000 
     71     0.722222      0.166667     0.000000 
     72     0.777778      0.166667     0.000000 
     73     0.833333      0.166667     0.000000 
     74     0.888889      0.166667     0.000000 
     75     0.944444      0.166667     0.000000 
     76     1.000000      0.166667     0.000000 
     77     0.000000      0.222222     0.000000 
     78     0.055556      0.222222     0.000000 
     79     0.111111      0.222222     0.000000 
     80     0.166667      0.222222     0.000000 
     81     0.222222      0.222222     0.000000 
     82     0.277778      0.222222     0.000000 
     83     0.333333      0.222222     0.000000 
     84     0.388889      0.222222     0.000000 
     85     0.444444      0.222222     0.000000 
     86     0.500000      0.222222     0.000000 
     87     0.555556      0.222222     0.000000 
     88     0.611111      0.222222     0.000000 
     89     0.666667      0.222222     0.000000 
     90     0.722222      0.222222     0.000000 
     91     0.777778      0.222222     0.000000 
     92     0.833333      0.222222     0.000000 
     93     0.888889      0.222222     0.000000 
     94     0.944444      0.222222     0.000000 
     95     1.000000      0.222222     0.000000 
     96     0.000000      0.277778     0.000000 
     97     0.055556      0.277778     0.000000 
     98     0.111111      0.277778     0.000000 
     99     0.166667      0.277778     0.000000 
     100     0.222222      0.277778     0.000000 
     101     0.277778      0.277778     0.000000 
     102     0.333333      0.277778     0.000000 
     103     0.388889      0.277778     0.000000 
     104     0.444444      0.277778     0.000000 
     105     0.500000      0.277778     0.000000 
     106     0.555556      0.277778     0.000000 
     107     0.611111      0.277778     0.000000 
     108     0.666667      0.277778     0.000000 
     109     0.722222      0.277778     0.000000 
     110     0.777778      0.277778     0.000000 
     111     0.833333      0.277778     0.000000 
     112     0.888889      0.277778     0.000000 
     113     0.944444      0.277778     0.000000 
     114     1.000000      0.277778     0.000000 
     115     0.000000      0.333333     0.000000 
     116     0.055556      0.333333     0.000000 
     117     0.111111      0.333333     0.000000 
     118     0.166667      0.333333     0.000000 
     119     0.222222      0.333333     0.000000 
     120     0.277778      0.333333     0.000000 
     121     0.333333      0.333333     0.000000 
     122     0.388889      0.333333     0.000000 
     123     0.444444      0.333333     0.000000 
     124     0.500000      0.333333     0.000000 
     125     0.555556      0.333333     0.000000 
     126     0.611111      0.333333     0.000000 
     127     0.666667      0.333333     0.000000 
     128     0.722222      0.333333     0.000000 
     129     0.777778      0.333333     0.000000 
     130     0.833333      0.333333     0.000000 
     131     0.888889      0.333333     0.000000 
     132     0.944444      0.333333     0.000000 
     133     1.000000      0.333333     0.000000 
     134     0.000000      0.388889     0.000000 
     135     0.055556      0.388889     0.000000 
     136     0.111111      0.388889     0.000000 
     137     0.166667      0.388889     0.000000 
     138     0.222222      0.388889     0.000000 
     139     0.277778      0.388889     0.000000 
     140     0.333333      0.388889     0.000000 
     141     0.388889      0.388889     0.000000 
     142     0.444444      0.388889     0.000000 
     143     0.500000      0.388889     0.000000 
     144     0.555556      0.388889     0.000000 
     145     0.611111      0.388889     0.000000 
     146     0.666667      0.388889     0.000000 
     147     0.722222      0.388889     0.000000 
     148     0.777778      0.388889     0.000000 
     149     0.833333      0.388889     0.000000 
     150     0.888889      0.388889     0.000000 
     151     0.944444      0.388889     0.000000 
     152     1.000000      0.388889     0.000000 
     153     0.000000      0.444444     0.000000 
     154     0.055556      0.444444     0.000000 
     155     0.111111      0.444444     0.000000 
     156     0.166667      0.444444     0.000000 
     157     0.222222      0.444444     0.000000 
     158     0.277778      0.444444     0.000000 
     159     0.333333      0.444444     0.000000 
     160     0.388889      0.444444     0.000000 
     161     0.444444      0.444444     0.000000 
     162     0.500000      0.444444     0.000000 
     163     0.555556      0.444444     0.000000 
     164     0.611111      0.444444     0.000000 
     165     0.666667      0.444444     0.000000 
     166     0.722222      0.444444     0.000000 
     167     0.777778      0.444444     0.000000 
     168     0.833333      0.444444     0.000000 
     169     0.888889      0.444444     0.000000 
     170     0.944444      0.444444     0.000000 
     171     1.000000      0.444444     0.000000 
     172     0.000000      0.500000     0.000000 
     173     0.055556      0.500000     0.000000 
     174     0.111111      0.500000     0.000000 
     175     0.166667      0.500000     0.000000 
     176     0.222222      0.500000     0.000000 
     177     0.277778      0.500000     0.000000 
     178     0.333333      0.500000     0.000000 
     179     0.388889      0.500000     0.000000 
     180     0.444444      0.500000     0.000000 
     181     0.500000      0.500000     0.000000 
     182     0.555556      0.500000     0.000000 
     183     0.611111      0.500000     0.000000 
     184     0.666667      0.500000     0.000000 
     185     0.722222      0.500000     0.000000 
     186     0.777778      0.500000     0.000000 
     187     0.833333      0.500000     0.000000 
     188     0.888889      0.500000     0.000000 
     189     0.944444      0.500000     0.000000 
     190     1.000000      0.500000     0.000000 
     191     0.000000      0.555556     0.000000 
     192     0.055556      0.555556     0.000000 
     193     0.111111      0.555556     0.000000 
     194     0.166667      0.555556     0.000000 
     195     0.222222      0.555556     0.000000 
     196     0.277778      0.555556     0.000000 
     197     0.333333      0.555556     0.000000 
     198     0.388889      0.555556     0.000000 
     199     0.444444      0.555556     0.000000 
     200     0.500000      0.555556     0.000000 
     201     0.555556      0.555556     0.000000 
     202     0.611111      0.555556     0.000000 
     203     0.666667      0.555556     0.000000 
     204     0.722222      0.555556     0.000000 
     205     0.777778      0.555556     0.000000 
     206     0.833333      0.555556     0.000000 
     207     0.888889      0.555556     0.000000 
     208     0.944444      0.555556     0.000000 
     209     1.000000      0.555556     0.000000 
     210     0.000000      0.611111     0.000000 
     211     0.055556      0.611111     0.000000 
     212     0.111111      0.611111     0.000000 
     213     0.166667      0.611111     0.000000 
     214     0.222222      0.611111     0.000000 
     215     0.277778      0.611111     0.000000 
     216     0.333333      0.611111     0.000000 
     217     0.388889      0.611111     0.000000 
     218     0.444444      0.611111     0.000000 
     219     0.500000      0.611111     0.000000 
     220     0.555556      0.611111     0.000000 
     221     0.611111      0.611111     0.000000 
     222     0.666667      0.611111     0.000000 
     223     0.722222      0.611111     0.000000 
     224     0.777778      0.611111     0.000000 
     225     0.833333      0.611111     0.000000 
     226     0.888889      0.611111     0.000000 
     227     0.944444      0.611111     0.000000 
     228     1.000000      0.611111     0.000000 
     229     0.000000      0.666667     0.000000 
     230     0.055556      0.666667     0.000000 
     231     0.111111      0.666667     0.000000 
     232     0.166667      0.666667     0.000000 
     233     0.222222      0.666667     0.000000 
     234     0.277778      0.666667     0.000000 
     235     0.333333      0.666667     0.000000 
     236     0.388889      0.666667     0.000000 
     237     0.444444      0.666667     0.000000 
     238     0.500000      0.666667     0.000000 
     239     0.555556      0.666667     0.000000 
     240     0.611111      0.666667     0.000000 
     241     0.666667      0.666667     0.000000 
     242     0.722222      0.666667     0.000000 
     243     0.777778      0.666667     0.000000 
     244     0.833333      0.666667     0.000000 
     245     0.888889      0.666667     0.000000 
     246     0.944444      0.666667     0.000000 
     247     1.000000      0.666667     0.000000 
     248     0.000000      0.722222     0.000000 
     249     0.055556      0.722222     0.000000 
     250     0.111111      0.722222     0.000000 
     251     0.166667      0.722222     0.000000 
     252     0.222222      0.722222     0.000000 
     253     0.277778      0.722222     0.000000 
     254     0.333333      0.722222     0.000000 
     255     0.388889      0.722222     0.000000 
     256     0.444444      0.722222     0.000000 
     257     0.500000      0.722222     0.000000 
     258     0.555556      0.722222     0.000000 
     259     0.611111      0.722222     0.000000 
     260     0.666667      0.722222     0.000000 
     261     0.722222      0.722222     0.000000 
     262     0.777778      0.722222     0.000000 
     263     0.833333      0.722222     0.000000 
     264     0.888889      0.722222     0.000000 
     265     0.944444      0.722222     0.000000 
     266     1.000000      0.722222     0.000000 
     267     0.000000      0.777778     0.000000 
     268     0.055556      0.777778     0.000000 
     269     0.111111      0.777778     0.000000 
     270     0.166667      0.777778     0.000000 
     271     0.222222      0.777778     0.000000 
     272     0.277778      0.777778     0.000000 
     273     0.333333      0.777778     0.000000 
     274     0.388889      0.777778     0.000000 
     275     0.444444      0.777778     0.000000 
     276     0.500000      0.777778     0.000000 
     277     0.555556      0.777778     0.000000 
     278     0.611111      0.777778     0.000000 
     279     0.666667      0.777778     0.000000 
     280     0.722222      0.777778     0.000000 
     281     0.777778      0.777778     0.000000 
     282     0.833333      0.777778     0.000000 
     283     0.888889      0.777778     0.000000 
     284     0.944444      0.777778     0.000000 
     285     1.000000      0.777778     0.000000 
     286     0.000000      0.833333     0.000000 
     287     0.055556      0.833333     0.000000 
     288     0.111111      0.833333     0.000000 
     289     0.166667      0.833333     0.000000 
     290     0.222222      0.833333     0.000000 
     291     0.277778      0.833333     0.000000 
     292     0.333333      0.833333     0.000000 
     293     0.388889      0.833333     0.000000 
     294     0.444444      0.833333     0.000000 
     295     0.500000      0.833333     0.000000 
     296     0.555556      0.833333     0.000000 
     297     0.611111      0.833333     0.000000 
     298     0.666667      0.833333     0.000000 
     299     0.722222      0.833333     0.000000 
     300     0.777778      0.833333     0.000000 
     301     0.833333      0.833333     0.000000 
     302     0.888889      0.833333     0.000000 
     303     0.944444      0.833333     0.000000 
     304     1.000000      0.833333     0.000000 
     305     0.000000      0.888889     0.000000 
     306     0.055556      0.888889     0.000000 
     307     0.111111      0.888889     0.000000 
     308     0.166667      0.888889     0.000000 
     309     0.222222      0.888889     0.000000 
     310     0.277778      0.888889     0.000000 
     311     0.333333      0.888889     0.000000 
     312     0.388889      0.888889     0.000000 
     313     0.444444      0.888889     0.000000 
     314     0.500000      0.888889     0.000000 
     315     0.555556      0.888889     0.000000 
     316     0.611111      0.888889     0.000000 
     317     0.666667      0.888889     0.000000 
     318     0.722222      0.888889     0.000000 
     319     0.777778      0.888889     0.000000 
     320     0.833333      0.888889     0.000000 
     321     0.888889      0.888889     0.000000 
     322     0.944444      0.888889     0.000000 
     323     1.000000      0.888889     0.000000 
     324     0.000000      0.944444     0.000000 
     325     0.055556      0.944444     0.000000 
     326     0.111111      0.944444     0.000000 
     327     0.166667      0.944444     0.000000 
     328     0.222222      0.944444     0.000000 
     329     0.277778      0.944444     0.000000 
     330     0.333333      0.944444     0.000000 
     331     0.388889      0.944444     0.000000 
     332     0.444444      0.944444     0.000000 
     333     0.500000      0.944444     0.000000 
     334     0.555556      0.944444     0.000000 
     335     0.611111      0.944444     0.000000 
     336     0.666667      0.944444     0.000000 
     337     0.722222      0.944444     0.000000 
     338     0.777778      0.944444     0.000000 
     339     0.833333      0.944444     0.000000 
     340     0.888889      0.944444     0.000000 
     341     0.944444      0.944444     0.000000 
     342     1.000000      0.944444     0.000000 
     343     0.000000      1.000000     0.000000 
     344     0.055556      1.000000     0.000000 
     345     0.111111      1.000000     0.000000 
     346     0.166667      1.000000     0.000000 
     347     0.222222      1.000000     0.000000 
     348     0.277778      1.000000     0.000000 
     349     0.333333      1.000000     0.000000 
     350     0.388889      1.000000     0.000000 
     351     0.444444      1.000000     0.000000 
     352     0.500000      1.000000     0.000000 
     353     0.555556      1.000000     0.000000 
     354     0.611111      1.000000     0.000000 
     355     0.666667      1.000000     0.000000 
     356     0.722222      1.000000     0.000000 
     357     0.777778      1.000000     0.000000 
     358     0.833333      1.000000     0.000000 
     359     0.888889      1.000000     0.000000 
     360     0.944444      1.000000     0.000000 
     361     1.000000      1.000000     0.000000 
     648  7  
     1     1      2     20 
     2     2      21     20 
     3     2      3     21 
     4     3      22     21 
     5     3      4     22 
     6     4      23     22 
     7     4      5     23 
     8     5      24     23 
     9     5      6     24 
     10     6      25     24 
     11     6      7     25 
     12     7      26     25 
     13     7      8     26 
     14     8      27     26 
     15     8      9     27 
     16     9      28     27 
     17     9      10     28 
     18     10      29     28 
     19     10      11     29 
     20     11      30     29 
     21     11      12     30 
     22     12      31     30 
     23     12      13     31 
     24     13      32     31 
     25     13      14     32 
     26     14      33     32 
     27     14      15     33 
     28     15      34     33 
     29     15      16     34 
     30     16      35     34 
     31     16      17     35 
     32     17      36     35 
     33     17      18     36 
     34     18      37     36 
     35     18      19     37 
     36     19      38     37 
     37     20      21     39 
     38     21      40     39 
     39     21      22     40 
     40     22      41     40 
     41     22      23     41 
     42     23      42     41 
     43     23      24     42 
     44     24      43     42 
     45     24      25     43 
     46     25      44     43 
     47     25      26     44 
     48     26      45     44 
     49     26      27     45 
     50     27      46     45 
     51     27      28     46 
     52     28      47     46 
     53     28      29     47 
     54     29      48     47 
     55     29      30     48 
     56     30      49     48 
     57     30      31     49 
     58     31      50     49 
     59     31      32     50 
     60     32      51     50 
     61     32      33     51 
     62     33      52     51 
     63     33      34     52 
     64     34      53     52 
     65     34      35     53 
     66     35      54     53 
     67     35      36     54 
     68     36      55     54 
     69     36      37     55 
     70     37      56     55 
     71     37      38     56 
     72     38      57     56 
     73     39      40     58 
     74     40      59     58 
     75     40      41     59 
     76     41      60     59 
     77     41      42     60 
     78     42      61     60 
     79     42      43     61 
     80     43      62     61 
     81     43      44     62 
     82     44      63     62 
     83     44      45     63 
     84     45      64     63 
     85     45      46     64 
     86     46      65     64 
     87     46      47     65 
     88     47      66     65 
     89     47      48     66 
     90     48      67     66 
     91     48      49     67 
     92     49      68     67 
     93     49      50     68 
     94     50      69     68 
     95     50      51     69 
     96     51      70     69 
     97     51      52     70 
     98     52      71     70 
     99     52      53     71 
     100     53      72     71 
     101     53      54     72 
     102     54      73     72 
     103     54      55     73 
     104     55      74     73 
     105     55      56     74 
     106     56      75     74 
     107     56      57     75 
     108     57      76     75 
     109     58      59     77 
     110     59      78     77 
     111     59      60     78 
     112     60      79     78 
     113     60      61     79 
     114     61      80     79 
     115     61      62     80 
     116     62      81     80 
     117     62      63     81 
     118     63      82     81 
     119     63      64     82 
     120     64      83     82 
     121     64      65     83 
     122     65      84     83 
     123     65      66     84 
     124     66      85     84 
     125     66      67     85 
     126     67      86     85 
     127     67      68     86 
     128     68      87     86 
     129     68      69     87 
     130     69      88     87 
     131     69      70     88 
     132     70      89     88 
     133     70      71     89 
     134     71      90     89 
     135     71      72     90 
     136     72      91     90 
     137     72      73     91 
     138     73      92     91 
     139     73      74     92 
     140     74      93     92 
     141     74      75     93 
     142     75      94     93 
     143     75      76     94 
     144     76      95     94 
     145     77      78     96 
     146     78      97     96 
     147     78      79     97 
     148     79      98     97 
     149     79      80     98 
     150     80      99     98 
     151     80      81     99 
     152     81      100     99 
     153     81      82     100 
     154     82      101     100 
     155     82      83     101 
     156     83      102     101 
     157     83      84     102 
     158     84      103     102 
     159     84      85     103 
     160     85      104     103 
     161     85      86     104 
     162     86      105     104 
     163     86      87     105 
     164     87      106     105 
     165     87      88     106 
     166     88      107     106 
     167     88      89     107 
     168     89      108     107 
     169     89      90     108 
     170     90      109     108 
     171     90      91     109 
     172     91      110     109 
     173     91      92     110 
     174     92      111     110 
     175     92      93     111 
     176     93      112     111 
     177     93      94     112 
     178     94      113     112 
     179     94      95     113 
     180     95      114     113 
     181     96      97     115 
     182     97      116     115 
     183     97      98     116 
     184     98      117     116 
     185     98      99     117 
     186     99      118     117 
     187     99      100     118 
     188     100      119     118 
     189     100      101     119 
     190     101      120     119 
     191     101      102     120 
     192     102      121     120 
     193     102      103     121 
     194     103      122     121 
     195     103      104     122 
     196     104      123     122 
     197     104      105     123 
     198     105      124     123 
     199     105      106     124 
     200     106      125     124 
     201     106      107     125 
     202     107      126     125 
     203     107      108     126 
     204     108      127     126 
     205     108      109     127 
     206     109      128     127 
     207     109      110     128 
     208     110      129     128 
     209     110      111     129 
     210     111      130     129 
     211     111      112     130 
     212     112      131     130 
     213     112      113     131 
     214     113      132     131 
     215     113      114     132 
     216     114      133     132 
     217     115      116     134 
     218     116      135     134 
     219     116      117     135 
     220     117      136     135 
     221     117      118     136 
     222     118      137     136 
     223     118      119     137 
     224     119      138     137 
     225     119      120     138 
     226     120      139     138 
     227     120      121     139 
     228     121      140     139 
     229     121      122     140 
     230     122      141     140 
     231     122      123     141 
     232     123      142     141 
     233     123      124     142 
     234     124      143     142 
     235     124      125     143 
     236     125      144     143 
     237     125      126     144 
     238     126      145     144 
     239     126      127     145 
     240     127      146     145 
     241     127      128     146 
     242     128      147     146 
     243     128      129     147 
     244     129      148     147 
     245     129      130     148 
     246     130      149     148 
     247     130      131     149 
     248     131      150     149 
     249     131      132     150 
     250     132      151     150 
     251     132      133     151 
     252     133      152     151 
     253     134      135     153 
     254     135      154     153 
     255     135      136     154 
     256     136      155     154 
     257     136      137     155 
     258     137      156     155 
     259     137      138     156 
     260     138      157     156 
     261     138      139     157 
     262     139      158     157 
     263     139      140     158 
     264     140      159     158 
     265     140      141     159 
     266     141      160     159 
     267     141      142     160 
     268     142      161     160 
     269     142      143     161 
     270     143      162     161 
     271     143      144     162 
     272     144      163     162 
     273     144      145     163 
     274     145      164     163 
     275     145      146     164 
     276     146      165     164 
     277     146      147     165 
     278     147      166     165 
     279     147      148     166 
     280     148      167     166 
     281     148      149     167 
     282     149      168     167 
     283     149      150     168 
     284     150      169     168 
     285     150      151     169 
     286     151      170     169 
     287     151      152     170 
     288     152      171     170 
     289     153      154     172 
     290     154      173     172 
     291     154      155     173 
     292     155      174     173 
     293     155      156     174 
     294     156      175     174 
     295     156      157     175 
     296     157      176     175 
     297     157      158     176 
     298     158      177     176 
     299     158      159     177 
     300     159      178     177 
     301     159      160     178 
     302     160      179     178 
     303     160      161     179 
     304     161      180     179 
     305     161      162     180 
     306     162      181     180 
     307     162      163     181 
     308     163      182     181 
     309     163      164     182 
     310     164      183     182 
     311     164      165     183 
     312     165      184     183 
     313     165      166     184 
     314     166      185     184 
     315     166      167     185 
     316     167      186     185 
     317     167      168     186 
     318     168      187     186 
     319     168      169     187 
     320     169      188     187 
     321     169      170     188 
     322     170      189     188 
     323     170      171     189 
     324     171      190     189 
     325     172      173     191 
     326     173      192     191 
     327     173      174     192 
     328     174      193     192 
     329     174      175     193 
     330     175      194     193 
     331     175      176     194 
     332     176      195     194 
     333     176      177     195 
     334     177      196     195 
     335     177      178     196 
     336     178      197     196 
     337     178      179     197 
     338     179      198     197 
     339     179      180     198 
     340     180      199     198 
     341     180      181     199 
     342     181      200     199 
     343     181      182     200 
     344     182      201     200 
     345     182      183     201 
     346     183      202     201 
     347     183      184     202 
     348     184      203     202 
     349     184      185     203 
     350     185      204     203 
     351     185      186     204 
     352     186      205     204 
     353     186      187     205 
     354     187      206     205 
     355     187      188     206 
     356     188      207     206 
     357     188      189     207 
     358     189      208     207 
     359     189      190     208 
     360     190      209     208 
     361     191      192     210 
     362     192      211     210 
     363     192      193     211 
     364     193      212     211 
     365     193      194     212 
     366     194      213     212 
     367     194      195     213 
     368     195      214     213 
     369     195      196     214 
     370     196      215     214 
     371     196      197     215 
     372     197      216     215 
     373     197      198     216 
     374     198      217     216 
     375     198      199     217 
     376     199      218     217 
     377     199      200     218 
     378     200      219     218 
     379     200      201     219 
     380     201      220     219 
     381     201      202     220 
     382     202      221     220 
     383     202      203     221 
     384     203      222     221 
     385     203      204     222 
     386     204      223     222 
     387     204      205     223 
     388     205      224     223 
     389     205      206     224 
     390     206      225     224 
     391     206      207     225 
     392     207      226     225 
     393     207      208     226 
     394     208      227     226 
     395     208      209     227 
     396     209      228     227 
     397     210      211     229 
     398     211      230     229 
     399     211      212     230 
     400     212      231     230 
     401     212      213     231 
     402     213      232     231 
     403     213      214     232 
     404     214      233     232 
     405     214      215     233 
     406     215      234     233 
     407     215      216     234 
     408     216      235     234 
     409     216      217     235 
     410     217      236     235 
     411     217      218     236 
     412     218      237     236 
     413     218      219     237 
     414     219      238     237 
     415     219      220     238 
     416     220      239     238 
     417     220      221     239 
     418     221      240     239 
     419     221      222     240 
     420     222      241     240 
     421     222      223     241 
     422     223      242     241 
     423     223      224     242 
     424     224      243     242 
     425     224      225     243 
     426     225      244     243 
     427     225      226     244 
     428     226      245     244 
     429     226      227     245 
     430     227      246     245 
     431     227      228     246 
     432     228      247     246 
     433     229      230     248 
     434     230      249     248 
     435     230      231     249 
     436     231      250     249 
     437     231      232     250 
     438     232      251     250 
     439     232      233     251 
     440     233      252     251 
     441     233      234     252 
     442     234      253     252 
     443     234      235     253 
     444     235      254     253 
     445     235      236     254 
     446     236      255     254 
     447     236      237     255 
     448     237      256     255 
     449     237      238     256 
     450     238      257     256 
     451     238      239     257 
     452     239      258     257 
     453     239      240     258 
     454     240      259     258 
     455     240      241     259 
     456     241      260     259 
     457     241      242     260 
     458     242      261     260 
     459     242      243     261 
     460     243      262     261 
     461     243      244     262 
     462     244      263     262 
     463     244      245     263 
     464     245      264     263 
     465     245      246     264 
     466     246      265     264 
     467     246      247     265 
     468     247      266     265 
     469     248      249     267 
     470     249      268     267 
     471     249      250     268 
     472     250      269     268 
     473     250      251     269 
     474     251      270     269 
     475     251      252     270 
     476     252      271     270 
     477     252      253     271 
     478     253      272     271 
     479     253      254     272 
     480     254      273     272 
     481     254      255     273 
     482     255      274     273 
     483     255      256     274 
     484     256      275     274 
     485     256      257     275 
     486     257      276     275 
     487     257      258     276 
     488     258      277     276 
     489     258      259     277 
     490     259      278     277 
     491     259      260     278 
     492     260      279     278 
     493     260      261     279 
     494     261      280     279 
     495     261      262     280 
     496     262      281     280 
     497     262      263     281 
     498     263      282     281 
     499     263      264     282 
     500     264      283     282 
     501     264      265     283 
     502     265      284     283 
     503     265      266     284 
     504     266      285     284 
     505     267      268     286 
     506     268      287     286 
     507     268      269     287 
     508     269      288     287 
     509     269      270     288 
     510     270      289     288 
     511     270      271     289 
     512     271      290     289 
     513     271      272     290 
     514     272      291     290 
     515     272      273     291 
     516     273      292     291 
     517     273      274     292 
     518     274      293     292 
     519     274      275     293 
     520     275      294     293 
     521     275      276     294 
     522     276      295     294 
     523     276      277     295 
     524     277      296     295 
     525     277      278     296 
     526     278      297     296 
     527     278      279     297 
     528     279      298     297 
     529     279      280     298 
     530     280      299     298 
     531     280      281     299 
     532     281      300     299 
     533     281      282     300 
     534     282      301     300 
     535     282      283     301 
     536     283      302     301 
     537     283      284     302 
     538     284      303     302 
     539     284      285     303 
     540     285      304     303 
     541     286      287     305 
     542     287      306     305 
     543     287      288     306 
     544     288      307     306 
     545     288      289     307 
     546     289      308     307 
     547     289      290     308 
     548     290      309     308 
     549     290      291     309 
     550     291      310     309 
     551     291      292     310 
     552     292      311     310 
     553     292      293     311 
     554     293      312     311 
     555     293      294     312 
     556     294      313     312 
     557     294      295     313 
     558     295      314     313 
     559     295      296     314 
     560     296      315     314 
     561     296      297     315 
     562     297      316     315 
     563     297      298     316 
     564     298      317     316 
     565     298      299     317 
     566     299      318     317 
     567     299      300     318 
     568     300      319     318 
     569     300      301     319 
     570     301      320     319 
     571     301      302     320 
     572     302      321     320 
     573     302      303     321 
     574     303      322     321 
     575     303      304     322 
     576     304      323     322 
     577     305      306     324 
     578     306      325     324 
     579     306      307     325 
     580     307      326     325 
     581     307      308     326 
     582     308      327     326 
     583     308      309     327 
     584     309      328     327 
     585     309      310     328 
     586     310      329     328 
     587     310      311     329 
     588     311      330     329 
     589     311      312     330 
     590     312      331     330 
     591     312      313     331 
     592     313      332     331 
     593     313      314     332 
     594     314      333     332 
     595     314      315     333 
     596     315      334     333 
     597     315      316     334 
     598     316      335     334 
     599     316      317     335 
     600     317      336     335 
     601     317      318     336 
     602     318      337     336 
     603     318      319     337 
     604     319      338     337 
     605     319      320     338 
     606     320      339     338 
     607     320      321     339 
     608     321      340     339 
     609     321      322     340 
     610     322      341     340 
     611     322      323     341 
     612     323      342     341 
     613     324      325     343 
     614     325      344     343 
     615     325      326     344 
     616     326      345     344 
     617     326      327     345 
     618     327      346     345 
     619     327      328     346 
     620     328      347     346 
     621     328      329     347 
     622     329      348     347 
     623     329      330     348 
     624     330      349     348 
     625     330      331     349 
     626     331      350     349 
     627     331      332     350 
     628     332      351     350 
     629     332      333     351 
     630     333      352     351 
     631     333      334     352 
     632     334      353     352 
     633     334      335     353 
     634     335      354     353 
     635     335      336     354 
     636     336      355     354 
     637     336      337     355 
     638     337      356     355 
     639     337      338     356 
     640     338      357     356 
     641     338      339     357 
     642     339      358     357 
     643     339      340     358 
     644     340      359     358 
     645     340      341     359 
     646     341      360     359 
     647     341      342     360 
     648     342      361     360 
     144  
     1     3      0  
     1     2      0  
     2     3      0  
     2     2      0  
     3     3      0  
     3     2      0  
     4     3      0  
     4     2      0  
     5     3      0  
     5     2      0  
     6     3      0  
     6     2      0  
     7     3      0  
     7     2      0  
     8     3      0  
     8     2      0  
     9     3      0  
     9     2      0  
     10     3      0  
     10     2      0  
     11     3      0  
     11     2      0  
     12     3      0  
     12     2      0  
     13     3      0  
     13     2      0  
     14     3      0  
     14     2      0  
     15     3      0  
     15     2      0  
     16     3      0  
     16     2      0  
     17     3      0  
     17     2      0  
     18     3      0  
     18     2      0  
     19     3      0  
     19     2      0  
     20     3      0  
     20     2      0  
     39     3      0  
     39     2      0  
     58     3      0  
     58     2      0  
     77     3      0  
     77     2      0  
     96     3      0  
     96     2      0  
     115     3      0  
     115     2      0  
     134     3      0  
     134     2      0  
     153     3      0  
     153     2      0  
     172     3      0  
     172     2      0  
     191     3      0  
     191     2      0  
     210     3      0  
     210     2      0  
     229     3      0  
     229     2      0  
     248     3      0  
     248     2      0  
     267     3      0  
     267     2      0  
     286     3      0  
     286     2      0  
     305     3      0  
     305     2      0  
     324     3      0  
     324     2      0  
     38     3      0  
     38     2      0  
     57     3      0  
     57     2      0  
     76     3      0  
     76     2      0  
     95     3      0  
     95     2      0  
     114     3      0  
     114     2      0  
     133     3      0  
     133     2      0  
     152     3      0  
     152     2      0  
     171     3      0  
     171     2      0  
     190     3      0  
     190     2      0  
     209     3      0  
     209     2      0  
     228     3      0  
     228     2      0  
     247     3      0  
     247     2      0  
     266     3      0  
     266     2      0  
     285     3      0  
     285     2      0  
     304     3      0  
     304     2      0  
     323     3      0  
     323     2      0  
     342     3      0  
     342     2      0  
     343     3      -1  
     343     2      0  
     344     3      -1  
     344     2      0  
     345     3      -1  
     345     2      0  
     346     3      -1  
     346     2      0  
     347     3      -1  
     347     2      0  
     348     3      -1  
     348     2      0  
     349     3      -1  
     349     2      0  
     350     3      -1  
     350     2      0  
     351     3      -1  
     351     2      0  
     352     3      -1  
     352     2      0  
     353     3      -1  
     353     2      0  
     354     3      -1  
     354     2      0  
     355     3      -1  
     355     2      0  
     356     3      -1  
     356     2      0  
     357     3      -1  
     357     2      0  
     358     3      -1  
     358     2      0  
     359     3      -1  
     359     2      0  
     360     3      -1  
     360     2      0  
     361     3      -1  
     361     2      0  
