$Numeros de Nodos
     30
$Lista de Nodos y sus coordenadas
     1     0.000000      0.000000     0.000000 
     2     1.000000      0.000000     0.000000 
     3     2.000000      0.000000     0.000000 
     4     3.000000      0.000000     0.000000 
     5     4.000000      0.000000     0.000000 
     6     5.000000      0.000000     0.000000 
     7     0.000000      1.000000     0.000000 
     8     1.000000      1.000000     0.000000 
     9     2.000000      1.000000     0.000000 
     10     3.000000      1.000000     0.000000 
     11     4.000000      1.000000     0.000000 
     12     5.000000      1.000000     0.000000 
     13     0.000000      2.000000     0.000000 
     14     1.000000      2.000000     0.000000 
     15     2.000000      2.000000     0.000000 
     16     3.000000      2.000000     0.000000 
     17     4.000000      2.000000     0.000000 
     18     5.000000      2.000000     0.000000 
     19     0.000000      3.000000     0.000000 
     20     1.000000      3.000000     0.000000 
     21     2.000000      3.000000     0.000000 
     22     3.000000      3.000000     0.000000 
     23     4.000000      3.000000     0.000000 
     24     5.000000      3.000000     0.000000 
     25     0.000000      4.000000     0.000000 
     26     1.000000      4.000000     0.000000 
     27     2.000000      4.000000     0.000000 
     28     3.000000      4.000000     0.000000 
     29     4.000000      4.000000     0.000000 
     30     5.000000      4.000000     0.000000 
$Numero de elementos (conectividades) y tipo de elemento, 1=Lineal, 2=Cuadratico...
     40    1
$Conectividades por elemento  Elemento/Nodos a b c /Tipo de Material
     1     1      2     7           1
     2     2      8     7           1
     3     2      3     8           1
     4     3      9     8           1
     5     3      4     9           1
     6     4      10     9          1
     7     4      5     10          1
     8     5      11     10         1
     9     5      6     11          1
     10     6      12     11        1
     11     7      8     13         1
     12     8      14     13        1
     13     8      9     14         1
     14     9      15     14        1
     15     9      10     15        1
     16     10      16     15       1
     17     10      11     16       1
     18     11      17     16       1 
     19     11      12     17       1       
     20     12      18     17       1
     21     13      14     19       2
     22     14      20     19       2
     23     14      15     20       2
     24     15      21     20       2
     25     15      16     21       1
     26     16      22     21       1
     27     16      17     22       1
     28     17      23     22       1
     29     17      18     23       1
     30     18      24     23       1
     31     19      20     25       2
     32     20      26     25       2
     33     20      21     26       2
     34     21      27     26       2
     35     21      22     27       1
     36     22      28     27       1
     37     22      23     28       1
     38     23      29     28       1
     39     23      24     29       1
     40     24      30     29       1
$Cantidad de MAteriales / Cantidad de variables de concuctancia Kx-Ky
     2     2
$Tipo de Material / Kx  /   ky
     1              1       2
     2              6       6
$Cantidad de Nodos con Condicion Dirchlet
     5
$Nodo/Grados de Libertad/CB
     1     1      0.0
     7     1      0.0
     13     1      0.0
     19     1      0.0
     25     1      0.0
$LISTA DE CARGAS NODALES  
     0
$Numero de Nodos Frontera
18 
$Matriz de Nodos Frontera (Coordenadas)
 1 0.000000 0.000000 0.000000 
 2 1.000000 0.000000 0.000000 
 3 2.000000 0.000000 0.000000 
 4 3.000000 0.000000 0.000000 
 5 4.000000 0.000000 0.000000 
 6 5.000000 0.000000 0.000000 
 7 0.000000 1.000000 0.000000 
 13 0.000000 2.000000 0.000000 
 19 0.000000 3.000000 0.000000 
 25 0.000000 4.000000 0.000000 
 12 5.000000 1.000000 0.000000 
 18 5.000000 2.000000 0.000000 
 24 5.000000 3.000000 0.000000 
 30 5.000000 4.000000 0.000000 
 26 1.000000 5.000000 0.000000 
 27 2.000000 5.000000 0.000000 
 28 3.000000 5.000000 0.000000 
 29 4.000000 5.000000 0.000000 
$Elementos Forntera   
 18 
$Matriz de Elementos Frontera (Conectividades)
$Elemento/ Nodo a b/ Tipo de CB   0=CB.Dirichlet  1=CB.Robin  2=CB.Neumann
 1 1 2          2
 2 2 3          2
 3 3 4          2
 4 4 5          2
 5 5 6          2
 6  6 12        2
 7 12 18        2
 8 18 24        2
 9 24 30        2
 10 1 7         0
 11 7 13        0
 12 13 19       0
 13 19 25       0
 14 25 26       1
 15 26 27       1
 16 27 28       1
 17 28 29       1
 18 29 30       1
$ h para la CB.Robin
    3
$ Temperatura de referencia CB.Robin
    15
$Cantidad de Nodos con CB.Neumann
   10
$Elemento/Nodos con CB de Neumann/ Valor en el Nodo
 1 1   0.0      
 1 2   0.4               
 2 3   0.8
 3 4   1.2
 4 5   1.6
 5 6   2.0
 6 12  1.5
 7 18  1.0
 8 24  0.5
 9 30  0.0