18 
1 0.000000 0.000000 0.000000 
 2 1.000000 0.000000 0.000000 
 3 2.000000 0.000000 0.000000 
 4 3.000000 0.000000 0.000000 
 5 4.000000 0.000000 0.000000 
 6 5.000000 0.000000 0.000000 
 12 5.000000 1.000000 0.000000 
 18 5.000000 2.000000 0.000000 
 24 5.000000 3.000000 0.000000 
 30 5.000000 4.000000 0.000000 
 29 4.000000 4.000000 0.000000 
 28 3.000000 4.000000 0.000000 
 27 2.000000 4.000000 0.000000 
 26 1.000000 4.000000 0.000000 
 25 0.000000 4.000000 0.000000 
 19 0.000000 3.000000 0.000000 
 13 0.000000 2.000000 0.000000 
 7 0.000000 1.000000 0.000000 
 18 
1 1 2 
 2 2 3 
 3 3 4 
 4 4 5 
 5 5 6 
 6 6 12 
 7 12 18 
 8 18 24 
 9 24 30 
 10 30 29 
 11 29 28 
 12 28 27 
 13 27 26 
 14 26 25 
 15 25 19 
 16 19 13 
 17 13 7 
 18 7 1 
 