     99 
     1     0.000000      0.000000     0.000000 
     2     0.500000      0.000000     0.000000 
     3     1.000000      0.000000     0.000000 
     4     1.500000      0.000000     0.000000 
     5     2.000000      0.000000     0.000000 
     6     2.500000      0.000000     0.000000 
     7     3.000000      0.000000     0.000000 
     8     3.500000      0.000000     0.000000 
     9     4.000000      0.000000     0.000000 
     10     4.500000      0.000000     0.000000 
     11     5.000000      0.000000     0.000000 
     12     0.000000      0.500000     0.000000 
     13     0.500000      0.500000     0.000000 
     14     1.000000      0.500000     0.000000 
     15     1.500000      0.500000     0.000000 
     16     2.000000      0.500000     0.000000 
     17     2.500000      0.500000     0.000000 
     18     3.000000      0.500000     0.000000 
     19     3.500000      0.500000     0.000000 
     20     4.000000      0.500000     0.000000 
     21     4.500000      0.500000     0.000000 
     22     5.000000      0.500000     0.000000 
     23     0.000000      1.000000     0.000000 
     24     0.500000      1.000000     0.000000 
     25     1.000000      1.000000     0.000000 
     26     1.500000      1.000000     0.000000 
     27     2.000000      1.000000     0.000000 
     28     2.500000      1.000000     0.000000 
     29     3.000000      1.000000     0.000000 
     30     3.500000      1.000000     0.000000 
     31     4.000000      1.000000     0.000000 
     32     4.500000      1.000000     0.000000 
     33     5.000000      1.000000     0.000000 
     34     0.000000      1.500000     0.000000 
     35     0.500000      1.500000     0.000000 
     36     1.000000      1.500000     0.000000 
     37     1.500000      1.500000     0.000000 
     38     2.000000      1.500000     0.000000 
     39     2.500000      1.500000     0.000000 
     40     3.000000      1.500000     0.000000 
     41     3.500000      1.500000     0.000000 
     42     4.000000      1.500000     0.000000 
     43     4.500000      1.500000     0.000000 
     44     5.000000      1.500000     0.000000 
     45     0.000000      2.000000     0.000000 
     46     0.500000      2.000000     0.000000 
     47     1.000000      2.000000     0.000000 
     48     1.500000      2.000000     0.000000 
     49     2.000000      2.000000     0.000000 
     50     2.500000      2.000000     0.000000 
     51     3.000000      2.000000     0.000000 
     52     3.500000      2.000000     0.000000 
     53     4.000000      2.000000     0.000000 
     54     4.500000      2.000000     0.000000 
     55     5.000000      2.000000     0.000000 
     56     0.000000      2.500000     0.000000 
     57     0.500000      2.500000     0.000000 
     58     1.000000      2.500000     0.000000 
     59     1.500000      2.500000     0.000000 
     60     2.000000      2.500000     0.000000 
     61     2.500000      2.500000     0.000000 
     62     3.000000      2.500000     0.000000 
     63     3.500000      2.500000     0.000000 
     64     4.000000      2.500000     0.000000 
     65     4.500000      2.500000     0.000000 
     66     5.000000      2.500000     0.000000 
     67     0.000000      3.000000     0.000000 
     68     0.500000      3.000000     0.000000 
     69     1.000000      3.000000     0.000000 
     70     1.500000      3.000000     0.000000 
     71     2.000000      3.000000     0.000000 
     72     2.500000      3.000000     0.000000 
     73     3.000000      3.000000     0.000000 
     74     3.500000      3.000000     0.000000 
     75     4.000000      3.000000     0.000000 
     76     4.500000      3.000000     0.000000 
     77     5.000000      3.000000     0.000000 
     78     0.000000      3.500000     0.000000 
     79     0.500000      3.500000     0.000000 
     80     1.000000      3.500000     0.000000 
     81     1.500000      3.500000     0.000000 
     82     2.000000      3.500000     0.000000 
     83     2.500000      3.500000     0.000000 
     84     3.000000      3.500000     0.000000 
     85     3.500000      3.500000     0.000000 
     86     4.000000      3.500000     0.000000 
     87     4.500000      3.500000     0.000000 
     88     5.000000      3.500000     0.000000 
     89     0.000000      4.000000     0.000000 
     90     0.500000      4.000000     0.000000 
     91     1.000000      4.000000     0.000000 
     92     1.500000      4.000000     0.000000 
     93     2.000000      4.000000     0.000000 
     94     2.500000      4.000000     0.000000 
     95     3.000000      4.000000     0.000000 
     96     3.500000      4.000000     0.000000 
     97     4.000000      4.000000     0.000000 
     98     4.500000      4.000000     0.000000 
     99     5.000000      4.000000     0.000000 
     160 
     1     1      2     12 
     2     2      13     12 
     3     2      3     13 
     4     3      14     13 
     5     3      4     14 
     6     4      15     14 
     7     4      5     15 
     8     5      16     15 
     9     5      6     16 
     10     6      17     16 
     11     6      7     17 
     12     7      18     17 
     13     7      8     18 
     14     8      19     18 
     15     8      9     19 
     16     9      20     19 
     17     9      10     20 
     18     10      21     20 
     19     10      11     21 
     20     11      22     21 
     21     12      13     23 
     22     13      24     23 
     23     13      14     24 
     24     14      25     24 
     25     14      15     25 
     26     15      26     25 
     27     15      16     26 
     28     16      27     26 
     29     16      17     27 
     30     17      28     27 
     31     17      18     28 
     32     18      29     28 
     33     18      19     29 
     34     19      30     29 
     35     19      20     30 
     36     20      31     30 
     37     20      21     31 
     38     21      32     31 
     39     21      22     32 
     40     22      33     32 
     41     23      24     34 
     42     24      35     34 
     43     24      25     35 
     44     25      36     35 
     45     25      26     36 
     46     26      37     36 
     47     26      27     37 
     48     27      38     37 
     49     27      28     38 
     50     28      39     38 
     51     28      29     39 
     52     29      40     39 
     53     29      30     40 
     54     30      41     40 
     55     30      31     41 
     56     31      42     41 
     57     31      32     42 
     58     32      43     42 
     59     32      33     43 
     60     33      44     43 
     61     34      35     45 
     62     35      46     45 
     63     35      36     46 
     64     36      47     46 
     65     36      37     47 
     66     37      48     47 
     67     37      38     48 
     68     38      49     48 
     69     38      39     49 
     70     39      50     49 
     71     39      40     50 
     72     40      51     50 
     73     40      41     51 
     74     41      52     51 
     75     41      42     52 
     76     42      53     52 
     77     42      43     53 
     78     43      54     53 
     79     43      44     54 
     80     44      55     54 
     81     45      46     56 
     82     46      57     56 
     83     46      47     57 
     84     47      58     57 
     85     47      48     58 
     86     48      59     58 
     87     48      49     59 
     88     49      60     59 
     89     49      50     60 
     90     50      61     60 
     91     50      51     61 
     92     51      62     61 
     93     51      52     62 
     94     52      63     62 
     95     52      53     63 
     96     53      64     63 
     97     53      54     64 
     98     54      65     64 
     99     54      55     65 
     100     55      66     65 
     101     56      57     67 
     102     57      68     67 
     103     57      58     68 
     104     58      69     68 
     105     58      59     69 
     106     59      70     69 
     107     59      60     70 
     108     60      71     70 
     109     60      61     71 
     110     61      72     71 
     111     61      62     72 
     112     62      73     72 
     113     62      63     73 
     114     63      74     73 
     115     63      64     74 
     116     64      75     74 
     117     64      65     75 
     118     65      76     75 
     119     65      66     76 
     120     66      77     76 
     121     67      68     78 
     122     68      79     78 
     123     68      69     79 
     124     69      80     79 
     125     69      70     80 
     126     70      81     80 
     127     70      71     81 
     128     71      82     81 
     129     71      72     82 
     130     72      83     82 
     131     72      73     83 
     132     73      84     83 
     133     73      74     84 
     134     74      85     84 
     135     74      75     85 
     136     75      86     85 
     137     75      76     86 
     138     76      87     86 
     139     76      77     87 
     140     77      88     87 
     141     78      79     89 
     142     79      90     89 
     143     79      80     90 
     144     80      91     90 
     145     80      81     91 
     146     81      92     91 
     147     81      82     92 
     148     82      93     92 
     149     82      83     93 
     150     83      94     93 
     151     83      84     94 
     152     84      95     94 
     153     84      85     95 
     154     85      96     95 
     155     85      86     96 
     156     86      97     96 
     157     86      87     97 
     158     87      98     97 
     159     87      88     98 
     160     88      99     98 
