     49 
     1     0.000000      0.000000     0.000000 
     2     0.833333      0.000000     0.000000 
     3     1.666667      0.000000     0.000000 
     4     2.500000      0.000000     0.000000 
     5     3.333333      0.000000     0.000000 
     6     4.166667      0.000000     0.000000 
     7     5.000000      0.000000     0.000000 
     8     0.000000      0.666667     0.000000 
     9     0.833333      0.666667     0.000000 
     10     1.666667      0.666667     0.000000 
     11     2.500000      0.666667     0.000000 
     12     3.333333      0.666667     0.000000 
     13     4.166667      0.666667     0.000000 
     14     5.000000      0.666667     0.000000 
     15     0.000000      1.333333     0.000000 
     16     0.833333      1.333333     0.000000 
     17     1.666667      1.333333     0.000000 
     18     2.500000      1.333333     0.000000 
     19     3.333333      1.333333     0.000000 
     20     4.166667      1.333333     0.000000 
     21     5.000000      1.333333     0.000000 
     22     0.000000      2.000000     0.000000 
     23     0.833333      2.000000     0.000000 
     24     1.666667      2.000000     0.000000 
     25     2.500000      2.000000     0.000000 
     26     3.333333      2.000000     0.000000 
     27     4.166667      2.000000     0.000000 
     28     5.000000      2.000000     0.000000 
     29     0.000000      2.666667     0.000000 
     30     0.833333      2.666667     0.000000 
     31     1.666667      2.666667     0.000000 
     32     2.500000      2.666667     0.000000 
     33     3.333333      2.666667     0.000000 
     34     4.166667      2.666667     0.000000 
     35     5.000000      2.666667     0.000000 
     36     0.000000      3.333333     0.000000 
     37     0.833333      3.333333     0.000000 
     38     1.666667      3.333333     0.000000 
     39     2.500000      3.333333     0.000000 
     40     3.333333      3.333333     0.000000 
     41     4.166667      3.333333     0.000000 
     42     5.000000      3.333333     0.000000 
     43     0.000000      4.000000     0.000000 
     44     0.833333      4.000000     0.000000 
     45     1.666667      4.000000     0.000000 
     46     2.500000      4.000000     0.000000 
     47     3.333333      4.000000     0.000000 
     48     4.166667      4.000000     0.000000 
     49     5.000000      4.000000     0.000000 
     72 
     1     1      2     8 
     2     2      9     8 
     3     2      3     9 
     4     3      10     9 
     5     3      4     10 
     6     4      11     10 
     7     4      5     11 
     8     5      12     11 
     9     5      6     12 
     10     6      13     12 
     11     6      7     13 
     12     7      14     13 
     13     8      9     15 
     14     9      16     15 
     15     9      10     16 
     16     10      17     16 
     17     10      11     17 
     18     11      18     17 
     19     11      12     18 
     20     12      19     18 
     21     12      13     19 
     22     13      20     19 
     23     13      14     20 
     24     14      21     20 
     25     15      16     22 
     26     16      23     22 
     27     16      17     23 
     28     17      24     23 
     29     17      18     24 
     30     18      25     24 
     31     18      19     25 
     32     19      26     25 
     33     19      20     26 
     34     20      27     26 
     35     20      21     27 
     36     21      28     27 
     37     22      23     29 
     38     23      30     29 
     39     23      24     30 
     40     24      31     30 
     41     24      25     31 
     42     25      32     31 
     43     25      26     32 
     44     26      33     32 
     45     26      27     33 
     46     27      34     33 
     47     27      28     34 
     48     28      35     34 
     49     29      30     36 
     50     30      37     36 
     51     30      31     37 
     52     31      38     37 
     53     31      32     38 
     54     32      39     38 
     55     32      33     39 
     56     33      40     39 
     57     33      34     40 
     58     34      41     40 
     59     34      35     41 
     60     35      42     41 
     61     36      37     43 
     62     37      44     43 
     63     37      38     44 
     64     38      45     44 
     65     38      39     45 
     66     39      46     45 
     67     39      40     46 
     68     40      47     46 
     69     40      41     47 
     70     41      48     47 
     71     41      42     48 
     72     42      49     48 
