$Numeros de Nodos
     208 
$Lista de Nodos y sus coordenadas
     1     0.000000      0.000000     0.000000 
     2     0.333333      0.000000     0.000000 
     3     0.666667      0.000000     0.000000 
     4     1.000000      0.000000     0.000000 
     5     1.333333      0.000000     0.000000 
     6     1.666667      0.000000     0.000000 
     7     2.000000      0.000000     0.000000 
     8     2.333333      0.000000     0.000000 
     9     2.666667      0.000000     0.000000 
     10     3.000000      0.000000     0.000000 
     11     3.333333      0.000000     0.000000 
     12     3.666667      0.000000     0.000000 
     13     4.000000      0.000000     0.000000 
     14     4.333333      0.000000     0.000000 
     15     4.666667      0.000000     0.000000 
     16     5.000000      0.000000     0.000000 
     17     0.000000      0.333333     0.000000 
     18     0.333333      0.333333     0.000000 
     19     0.666667      0.333333     0.000000 
     20     1.000000      0.333333     0.000000 
     21     1.333333      0.333333     0.000000 
     22     1.666667      0.333333     0.000000 
     23     2.000000      0.333333     0.000000 
     24     2.333333      0.333333     0.000000 
     25     2.666667      0.333333     0.000000 
     26     3.000000      0.333333     0.000000 
     27     3.333333      0.333333     0.000000 
     28     3.666667      0.333333     0.000000 
     29     4.000000      0.333333     0.000000 
     30     4.333333      0.333333     0.000000 
     31     4.666667      0.333333     0.000000 
     32     5.000000      0.333333     0.000000 
     33     0.000000      0.666667     0.000000 
     34     0.333333      0.666667     0.000000 
     35     0.666667      0.666667     0.000000 
     36     1.000000      0.666667     0.000000 
     37     1.333333      0.666667     0.000000 
     38     1.666667      0.666667     0.000000 
     39     2.000000      0.666667     0.000000 
     40     2.333333      0.666667     0.000000 
     41     2.666667      0.666667     0.000000 
     42     3.000000      0.666667     0.000000 
     43     3.333333      0.666667     0.000000 
     44     3.666667      0.666667     0.000000 
     45     4.000000      0.666667     0.000000 
     46     4.333333      0.666667     0.000000 
     47     4.666667      0.666667     0.000000 
     48     5.000000      0.666667     0.000000 
     49     0.000000      1.000000     0.000000 
     50     0.333333      1.000000     0.000000 
     51     0.666667      1.000000     0.000000 
     52     1.000000      1.000000     0.000000 
     53     1.333333      1.000000     0.000000 
     54     1.666667      1.000000     0.000000 
     55     2.000000      1.000000     0.000000 
     56     2.333333      1.000000     0.000000 
     57     2.666667      1.000000     0.000000 
     58     3.000000      1.000000     0.000000 
     59     3.333333      1.000000     0.000000 
     60     3.666667      1.000000     0.000000 
     61     4.000000      1.000000     0.000000 
     62     4.333333      1.000000     0.000000 
     63     4.666667      1.000000     0.000000 
     64     5.000000      1.000000     0.000000 
     65     0.000000      1.333333     0.000000 
     66     0.333333      1.333333     0.000000 
     67     0.666667      1.333333     0.000000 
     68     1.000000      1.333333     0.000000 
     69     1.333333      1.333333     0.000000 
     70     1.666667      1.333333     0.000000 
     71     2.000000      1.333333     0.000000 
     72     2.333333      1.333333     0.000000 
     73     2.666667      1.333333     0.000000 
     74     3.000000      1.333333     0.000000 
     75     3.333333      1.333333     0.000000 
     76     3.666667      1.333333     0.000000 
     77     4.000000      1.333333     0.000000 
     78     4.333333      1.333333     0.000000 
     79     4.666667      1.333333     0.000000 
     80     5.000000      1.333333     0.000000 
     81     0.000000      1.666667     0.000000 
     82     0.333333      1.666667     0.000000 
     83     0.666667      1.666667     0.000000 
     84     1.000000      1.666667     0.000000 
     85     1.333333      1.666667     0.000000 
     86     1.666667      1.666667     0.000000 
     87     2.000000      1.666667     0.000000 
     88     2.333333      1.666667     0.000000 
     89     2.666667      1.666667     0.000000 
     90     3.000000      1.666667     0.000000 
     91     3.333333      1.666667     0.000000 
     92     3.666667      1.666667     0.000000 
     93     4.000000      1.666667     0.000000 
     94     4.333333      1.666667     0.000000 
     95     4.666667      1.666667     0.000000 
     96     5.000000      1.666667     0.000000 
     97     0.000000      2.000000     0.000000 
     98     0.333333      2.000000     0.000000 
     99     0.666667      2.000000     0.000000 
     100     1.000000      2.000000     0.000000 
     101     1.333333      2.000000     0.000000 
     102     1.666667      2.000000     0.000000 
     103     2.000000      2.000000     0.000000 
     104     2.333333      2.000000     0.000000 
     105     2.666667      2.000000     0.000000 
     106     3.000000      2.000000     0.000000 
     107     3.333333      2.000000     0.000000 
     108     3.666667      2.000000     0.000000 
     109     4.000000      2.000000     0.000000 
     110     4.333333      2.000000     0.000000 
     111     4.666667      2.000000     0.000000 
     112     5.000000      2.000000     0.000000 
     113     0.000000      2.333333     0.000000 
     114     0.333333      2.333333     0.000000 
     115     0.666667      2.333333     0.000000 
     116     1.000000      2.333333     0.000000 
     117     1.333333      2.333333     0.000000 
     118     1.666667      2.333333     0.000000 
     119     2.000000      2.333333     0.000000 
     120     2.333333      2.333333     0.000000 
     121     2.666667      2.333333     0.000000 
     122     3.000000      2.333333     0.000000 
     123     3.333333      2.333333     0.000000 
     124     3.666667      2.333333     0.000000 
     125     4.000000      2.333333     0.000000 
     126     4.333333      2.333333     0.000000 
     127     4.666667      2.333333     0.000000 
     128     5.000000      2.333333     0.000000 
     129     0.000000      2.666667     0.000000 
     130     0.333333      2.666667     0.000000 
     131     0.666667      2.666667     0.000000 
     132     1.000000      2.666667     0.000000 
     133     1.333333      2.666667     0.000000 
     134     1.666667      2.666667     0.000000 
     135     2.000000      2.666667     0.000000 
     136     2.333333      2.666667     0.000000 
     137     2.666667      2.666667     0.000000 
     138     3.000000      2.666667     0.000000 
     139     3.333333      2.666667     0.000000 
     140     3.666667      2.666667     0.000000 
     141     4.000000      2.666667     0.000000 
     142     4.333333      2.666667     0.000000 
     143     4.666667      2.666667     0.000000 
     144     5.000000      2.666667     0.000000 
     145     0.000000      3.000000     0.000000 
     146     0.333333      3.000000     0.000000 
     147     0.666667      3.000000     0.000000 
     148     1.000000      3.000000     0.000000 
     149     1.333333      3.000000     0.000000 
     150     1.666667      3.000000     0.000000 
     151     2.000000      3.000000     0.000000 
     152     2.333333      3.000000     0.000000 
     153     2.666667      3.000000     0.000000 
     154     3.000000      3.000000     0.000000 
     155     3.333333      3.000000     0.000000 
     156     3.666667      3.000000     0.000000 
     157     4.000000      3.000000     0.000000 
     158     4.333333      3.000000     0.000000 
     159     4.666667      3.000000     0.000000 
     160     5.000000      3.000000     0.000000 
     161     0.000000      3.333333     0.000000 
     162     0.333333      3.333333     0.000000 
     163     0.666667      3.333333     0.000000 
     164     1.000000      3.333333     0.000000 
     165     1.333333      3.333333     0.000000 
     166     1.666667      3.333333     0.000000 
     167     2.000000      3.333333     0.000000 
     168     2.333333      3.333333     0.000000 
     169     2.666667      3.333333     0.000000 
     170     3.000000      3.333333     0.000000 
     171     3.333333      3.333333     0.000000 
     172     3.666667      3.333333     0.000000 
     173     4.000000      3.333333     0.000000 
     174     4.333333      3.333333     0.000000 
     175     4.666667      3.333333     0.000000 
     176     5.000000      3.333333     0.000000 
     177     0.000000      3.666667     0.000000 
     178     0.333333      3.666667     0.000000 
     179     0.666667      3.666667     0.000000 
     180     1.000000      3.666667     0.000000 
     181     1.333333      3.666667     0.000000 
     182     1.666667      3.666667     0.000000 
     183     2.000000      3.666667     0.000000 
     184     2.333333      3.666667     0.000000 
     185     2.666667      3.666667     0.000000 
     186     3.000000      3.666667     0.000000 
     187     3.333333      3.666667     0.000000 
     188     3.666667      3.666667     0.000000 
     189     4.000000      3.666667     0.000000 
     190     4.333333      3.666667     0.000000 
     191     4.666667      3.666667     0.000000 
     192     5.000000      3.666667     0.000000 
     193     0.000000      4.000000     0.000000 
     194     0.333333      4.000000     0.000000 
     195     0.666667      4.000000     0.000000 
     196     1.000000      4.000000     0.000000 
     197     1.333333      4.000000     0.000000 
     198     1.666667      4.000000     0.000000 
     199     2.000000      4.000000     0.000000 
     200     2.333333      4.000000     0.000000 
     201     2.666667      4.000000     0.000000 
     202     3.000000      4.000000     0.000000 
     203     3.333333      4.000000     0.000000 
     204     3.666667      4.000000     0.000000 
     205     4.000000      4.000000     0.000000 
     206     4.333333      4.000000     0.000000 
     207     4.666667      4.000000     0.000000 
     208     5.000000      4.000000     0.000000          
$Numero de elementos (conectividades) y tipo de elemento, 1=Lineal, 2=Cuadratico...
     360    1
$Conectividades por elemento  Elemento/Nodos a b c /Tipo de Material
     1     1      2     17           1
     2     2      18     17 	     1
     3     2      3     18 	     1
     4     3      19     18 	     1
     5     3      4     19 	     1
     6     4      20     19 	     1
     7     4      5     20 	     1
     8     5      21     20 	     1
     9     5      6     21 	     1
     10     6      22     21 	     1
     11     6      7     22 	     1
     12     7      23     22 	     1
     13     7      8     23 	     1
     14     8      24     23 	     1
     15     8      9     24 	     1
     16     9      25     24 	     1
     17     9      10     25 	     1
     18     10      26     25 	     1
     19     10      11     26 	     1
     20     11      27     26 	     1
     21     11      12     27 	     1
     22     12      28     27 	     1
     23     12      13     28 	     1
     24     13      29     28 	     1
     25     13      14     29 	     1
     26     14      30     29 	     1
     27     14      15     30 	     1
     28     15      31     30 	     1
     29     15      16     31 	     1
     30     16      32     31 	     1
     31     17      18     33 	     1
     32     18      34     33 	     1
     33     18      19     34 	     1
     34     19      35     34 	     1
     35     19      20     35 	     1
     36     20      36     35 	     1
     37     20      21     36 	     1
     38     21      37     36 	     1
     39     21      22     37 	     1
     40     22      38     37 	     1
     41     22      23     38 	     1
     42     23      39     38 	     1
     43     23      24     39 	     1
     44     24      40     39 	     1
     45     24      25     40 	     1
     46     25      41     40 	     1
     47     25      26     41 	     1
     48     26      42     41 	     1
     49     26      27     42 	     1
     50     27      43     42 	     1
     51     27      28     43 	     1
     52     28      44     43 	     1
     53     28      29     44 	     1
     54     29      45     44 	     1
     55     29      30     45 	     1
     56     30      46     45 	     1
     57     30      31     46 	     1
     58     31      47     46 	     1
     59     31      32     47 	     1
     60     32      48     47 	     1
     61     33      34     49 	     1
     62     34      50     49 	     1
     63     34      35     50 	     1
     64     35      51     50 	     1
     65     35      36     51 	     1
     66     36      52     51 	     1
     67     36      37     52 	     1
     68     37      53     52 	     1
     69     37      38     53 	     1
     70     38      54     53 	     1
     71     38      39     54 	     1
     72     39      55     54 	     1
     73     39      40     55 	     1
     74     40      56     55 	     1
     75     40      41     56 	     1
     76     41      57     56 	     1
     77     41      42     57 	     1
     78     42      58     57 	     1
     79     42      43     58 	     1
     80     43      59     58 	     1
     81     43      44     59 	     1
     82     44      60     59 	     1
     83     44      45     60 	     1
     84     45      61     60 	     1
     85     45      46     61 	     1
     86     46      62     61 	     1
     87     46      47     62 	     1
     88     47      63     62 	     1
     89     47      48     63 	     1
     90     48      64     63 	     1
     91     49      50     65 	     1
     92     50      66     65 	     1
     93     50      51     66 	     1
     94     51      67     66 	     1
     95     51      52     67 	     1
     96     52      68     67 	     1
     97     52      53     68 	     1
     98     53      69     68 	     1
     99     53      54     69 	     1
     100     54      70     69 	     1
     101     54      55     70 	     1
     102     55      71     70 	     1
     103     55      56     71 	     1
     104     56      72     71 	     1
     105     56      57     72 	     1
     106     57      73     72 	     1
     107     57      58     73 	     1
     108     58      74     73 	     1
     109     58      59     74 	     1
     110     59      75     74 	     1
     111     59      60     75 	     1
     112     60      76     75 	     1
     113     60      61     76 	     1
     114     61      77     76 	     1
     115     61      62     77 	     1
     116     62      78     77 	     1
     117     62      63     78 	     1
     118     63      79     78 	     1
     119     63      64     79 	     1
     120     64      80     79 	     1
     121     65      66     81 	     1
     122     66      82     81 	     1
     123     66      67     82 	     1
     124     67      83     82 	     1
     125     67      68     83 	     1
     126     68      84     83 	     1
     127     68      69     84 	     1
     128     69      85     84 	     1
     129     69      70     85 	     1
     130     70      86     85 	     1
     131     70      71     86 	     1
     132     71      87     86 	     1
     133     71      72     87 	     1
     134     72      88     87 	     1
     135     72      73     88 	     1
     136     73      89     88 	     1
     137     73      74     89 	     1
     138     74      90     89 	     1
     139     74      75     90 	     1
     140     75      91     90 	     1
     141     75      76     91 	     1
     142     76      92     91 	     1
     143     76      77     92 	     1
     144     77      93     92 	     1
     145     77      78     93 	     1
     146     78      94     93 	     1
     147     78      79     94 	     1
     148     79      95     94 	     1
     149     79      80     95 	     1
     150     80      96     95 	     1
     151     81      82     97 	     1
     152     82      98     97 	     1
     153     82      83     98 	     1
     154     83      99     98 	     1
     155     83      84     99 	     1
     156     84      100     99      1
     157     84      85     100      1
     158     85      101     100     1
     159     85      86     101      1
     160     86      102     101     1
     161     86      87     102      1
     162     87      103     102     1
     163     87      88     103      1
     164     88      104     103     1
     165     88      89     104      1
     166     89      105     104     1
     167     89      90     105      1
     168     90      106     105     1
     169     90      91     106      1
     170     91      107     106     1
     171     91      92     107      1
     172     92      108     107     1
     173     92      93     108      1
     174     93      109     108     1
     175     93      94     109      1
     176     94      110     109     1
     177     94      95     110      1
     178     95      111     110     1
     179     95      96     111      1
     180     96      112     111     1
     181     97      98     113      2
     182     98      114     113     2
     183     98      99     114      2
     184     99      115     114     2
     185     99      100     115     2
     186     100      116     115    2
     187     100      101     116    2
     188     101      117     116    2
     189     101      102     117    2
     190     102      118     117    2
     191     102      103     118    2
     192     103      119     118    2
     193     103      104     119    2
     194     104      120     119    1
     195     104      105     120    1
     196     105      121     120    1
     197     105      106     121    1
     198     106      122     121    1
     199     106      107     122    1
     200     107      123     122    1
     201     107      108     123    1
     202     108      124     123    1
     203     108      109     124    1
     204     109      125     124    1
     205     109      110     125    1
     206     110      126     125    1
     207     110      111     126    1
     208     111      127     126    1
     209     111      112     127    1
     210     112      128     127    1
     211     113      114     129    2
     212     114      130     129    2
     213     114      115     130    2
     214     115      131     130    2
     215     115      116     131    2
     216     116      132     131    2
     217     116      117     132    2
     218     117      133     132    2
     219     117      118     133    2
     220     118      134     133    2
     221     118      119     134    2
     222     119      135     134    2
     223     119      120     135    2
     224     120      136     135    1
     225     120      121     136    1
     226     121      137     136    1
     227     121      122     137    1
     228     122      138     137    1
     229     122      123     138    1
     230     123      139     138    1
     231     123      124     139    1
     232     124      140     139    1
     233     124      125     140    1
     234     125      141     140    1
     235     125      126     141    1
     236     126      142     141    1
     237     126      127     142    1
     238     127      143     142    1
     239     127      128     143    1
     240     128      144     143    2
     241     129      130     145    2
     242     130      146     145    2
     243     130      131     146    2
     244     131      147     146    2
     245     131      132     147    2
     246     132      148     147    2
     247     132      133     148    2
     248     133      149     148    2
     249     133      134     149    2
     250     134      150     149    2
     251     134      135     150    2
     252     135      151     150    2
     253     135      136     151    1
     254     136      152     151    1
     255     136      137     152    1
     256     137      153     152    1
     257     137      138     153    1
     258     138      154     153    1
     259     138      139     154    1
     260     139      155     154    1
     261     139      140     155    1
     262     140      156     155    1
     263     140      141     156    1
     264     141      157     156    1
     265     141      142     157    1
     266     142      158     157    1
     267     142      143     158    1
     268     143      159     158    1
     269     143      144     159    1
     270     144      160     159    2
     271     145      146     161    2
     272     146      162     161    2
     273     146      147     162    2
     274     147      163     162    2
     275     147      148     163    2
     276     148      164     163    2
     277     148      149     164    2
     278     149      165     164    2
     279     149      150     165    2
     280     150      166     165    2
     281     150      151     166    2
     282     151      167     166    2
     283     151      152     167    1
     284     152      168     167    1
     285     152      153     168    1
     286     153      169     168    1
     287     153      154     169    1
     288     154      170     169    1
     289     154      155     170    1
     290     155      171     170    1
     291     155      156     171    1
     292     156      172     171    1
     293     156      157     172    1
     294     157      173     172    1
     295     157      158     173    1
     296     158      174     173    1
     297     158      159     174    1
     298     159      175     174    1
     299     159      160     175    1
     300     160      176     175    2
     301     161      162     177    2
     302     162      178     177    2
     303     162      163     178    2
     304     163      179     178    2
     305     163      164     179    2
     306     164      180     179    2
     307     164      165     180    2
     308     165      181     180    2
     309     165      166     181    2
     310     166      182     181    2
     311     166      167     182    2
     312     167      183     182    2
     313     167      168     183    1
     314     168      184     183    1
     315     168      169     184    1
     316     169      185     184    1
     317     169      170     185    1
     318     170      186     185    1
     319     170      171     186    1
     320     171      187     186    2
     321     171      172     187    2
     322     172      188     187    2
     323     172      173     188    2
     324     173      189     188    2
     325     173      174     189    2
     326     174      190     189    2
     327     174      175     190    2
     328     175      191     190    2
     329     175      176     191    2
     330     176      192     191    2
     331     177      178     193    2
     332     178      194     193    2
     333     178      179     194    1
     334     179      195     194    1
     335     179      180     195    1
     336     180      196     195    1
     337     180      181     196    1
     338     181      197     196    1
     339     181      182     197    1
     340     182      198     197    1
     341     182      183     198    1
     342     183      199     198    1
     343     183      184     199    1
     344     184      200     199    1
     345     184      185     200    1
     346     185      201     200    1
     347     185      186     201    1
     348     186      202     201    1
     349     186      187     202    1
     350     187      203     202    1
     351     187      188     203    1
     352     188      204     203    1
     353     188      189     204    1
     354     189      205     204    1
     355     189      190     205    1
     356     190      206     205    1
     357     190      191     206    1
     358     191      207     206    1
     359     191      192     207    1
     360     192      208     207    1  
$Cantidad de MAteriales / Cantidad de variables de concuctancia Kx-Ky
     2     2
$Tipo de Material / Kx  /   ky
     1              1       2
     2              6       6
$Cantidad de Nodos con Condicion Dirchlet
     13
$Nodo/Grados de Libertad/CB
      1       1    0
     17       1	   0
     33       1	   0
     49       1	   0
     65       1	   0
     81       1    0
     97       1    0
    113       1	   0
    129       1	   0
    145       1    0
    161	      1	   0
    177	      1	   0
    193	      1	   0
$LISTA DE CARGAS NODALES  
     0
$Numero de Nodos Frontera
    54	     
$Matriz de Nodos Frontera (Coordenadas)
     1 0.000000 0.000000 0.000000 
     2 0.333333 0.000000 0.000000 
     3 0.666667 0.000000 0.000000 
     4 1.000000 0.000000 0.000000 
     5 1.333333 0.000000 0.000000 
     6 1.666667 0.000000 0.000000 
     7 2.000000 0.000000 0.000000 
     8 2.333333 0.000000 0.000000 
     9 2.666667 0.000000 0.000000 
     10 3.000000 0.000000 0.000000 
     11 3.333333 0.000000 0.000000 
     12 3.666667 0.000000 0.000000 
     13 4.000000 0.000000 0.000000 
     14 4.333333 0.000000 0.000000 
     15 4.666667 0.000000 0.000000 
     16 5.000000 0.000000 0.000000 
     32 5.000000 0.333333 0.000000 
     48 5.000000 0.666667 0.000000 
     64 5.000000 1.000000 0.000000 
     80 5.000000 1.333333 0.000000 
     96 5.000000 1.666667 0.000000 
     112 5.000000 2.000000 0.000000 
     128 5.000000 2.333333 0.000000 
     144 5.000000 2.666667 0.000000 
     160 5.000000 3.000000 0.000000 
     176 5.000000 3.333333 0.000000 
     192 5.000000 3.666667 0.000000 
     208 5.000000 4.000000 0.000000 
     207 4.666667 4.000000 0.000000 
     206 4.333333 4.000000 0.000000 
     205 4.000000 4.000000 0.000000 
     204 3.666667 4.000000 0.000000 
     203 3.333333 4.000000 0.000000 
     202 3.000000 4.000000 0.000000 
     201 2.666667 4.000000 0.000000 
     200 2.333333 4.000000 0.000000 
     199 2.000000 4.000000 0.000000 
     198 1.666667 4.000000 0.000000 
     197 1.333333 4.000000 0.000000 
     196 1.000000 4.000000 0.000000 
     195 0.666667 4.000000 0.000000 
     194 0.333333 4.000000 0.000000 
     193 0.000000 4.000000 0.000000 
     177 0.000000 3.666667 0.000000 
     161 0.000000 3.333333 0.000000 
     145 0.000000 3.000000 0.000000 
     129 0.000000 2.666667 0.000000 
     113 0.000000 2.333333 0.000000 
     97 0.000000 2.000000 0.000000 
     81 0.000000 1.666667 0.000000 
     65 0.000000 1.333333 0.000000 
     49 0.000000 1.000000 0.000000 
     33 0.000000 0.666667 0.000000 
     17 0.000000 0.333333 0.000000
$Elementos Forntera   
      54
$Matriz de Elementos Frontera (Conectividades)
$Elemento/ Nodo a b/ Tipo de CB   0=CB.Dirichlet  1=CB.Robin  2=CB.Neumann
    1 1 2             2
    2 2 3 	      2
    3 3 4 	      2
    4 4 5 	      2
    5 5 6 	      2
    6 6 7 	      2
    7 7 8 	      2
    8 8 9 	      2
    9 9 10 	      2
    10 10 11 	      2
    11 11 12 	      2
    12 12 13 	      2
    13 13 14 	      2
    14 14 15 	      2
    15 15 16 	      2
    16 16 32 	      2
    17 32 48 	      2
    18 48 64 	      2
    19 64 80 	      2
    20 80 96 	      2
    21 96 112 	      2
    22 112 128 	      2
    23 128 144 	      2
    24 144 160 	      2
    25 160 176        2
    26 176 192        2
    27 192 208        2
    28 208 207 	      1
    29 207 206 	      1
    30 206 205 	      1
    31 205 204 	      1
    32 204 203 	      1
    33 203 202 	      1
    34 202 201 	      1
    35 201 200 	      1
    36 200 199 	      1
    37 199 198 	      1
    38 198 197 	      1
    39 197 196 	      1
    40 196 195 	      1
    41 195 194 	      1
    42 194 193        1
    43 193 177        0
    44 177 161 	      0
    45 161 145 	      0
    46 145 129 	      0
    47 129 113 	      0
    48 113 97 	      0
    49 97 81 	      0
    50 81 65 	      0
    51 65 49 	      0
    52 49 33 	      0
    53 33 17 	      0
    54 17 1 	      0
$ h para la CB.Robin
    3
$ Temperatura de referencia CB.Robin
    15
$Cantidad de Nodos con CB.Neumann
    27
$Elemento/Nodos con CB de Neumann/ Valor en el Nodo
    1   1   0.0      
    1   2   0.1333     	                 
    2   3   0.2666
    3   4   0.4000
    4   5   0.5333
    5   6   0.6666
    6   7   0.8000
    7   8   0.9333
    8   9   1.0666
    9   10  1.2000
    10  11  1.3333
    11  12  1.4666  
    12	13  1.6000
    13	14  1.7333
    14	15  1.8666
    15	16  2.0000
    16  32  1.8333
    17  48  1.6666	  
    18  64  1.5000
    19  80  1.3333
    20  96  1.1666
    21  112   1.0000
    22  128   0.8333
    23  144   0.6666
    24  160   0.5000
    25  176   0.3333
    26  192   0.1666
