$Numeros de Nodos
     99
$Lista de Nodos y sus coordenadas
     1     0.000000      0.000000     0.000000 
     2     0.500000      0.000000     0.000000 
     3     1.000000      0.000000     0.000000 
     4     1.500000      0.000000     0.000000 
     5     2.000000      0.000000     0.000000 
     6     2.500000      0.000000     0.000000 
     7     3.000000      0.000000     0.000000 
     8     3.500000      0.000000     0.000000 
     9     4.000000      0.000000     0.000000 
     10     4.500000      0.000000     0.000000 
     11     5.000000      0.000000     0.000000 
     12     0.000000      0.500000     0.000000 
     13     0.500000      0.500000     0.000000 
     14     1.000000      0.500000     0.000000 
     15     1.500000      0.500000     0.000000 
     16     2.000000      0.500000     0.000000 
     17     2.500000      0.500000     0.000000 
     18     3.000000      0.500000     0.000000 
     19     3.500000      0.500000     0.000000 
     20     4.000000      0.500000     0.000000 
     21     4.500000      0.500000     0.000000 
     22     5.000000      0.500000     0.000000 
     23     0.000000      1.000000     0.000000 
     24     0.500000      1.000000     0.000000 
     25     1.000000      1.000000     0.000000 
     26     1.500000      1.000000     0.000000 
     27     2.000000      1.000000     0.000000 
     28     2.500000      1.000000     0.000000 
     29     3.000000      1.000000     0.000000 
     30     3.500000      1.000000     0.000000 
     31     4.000000      1.000000     0.000000 
     32     4.500000      1.000000     0.000000 
     33     5.000000      1.000000     0.000000 
     34     0.000000      1.500000     0.000000 
     35     0.500000      1.500000     0.000000 
     36     1.000000      1.500000     0.000000 
     37     1.500000      1.500000     0.000000 
     38     2.000000      1.500000     0.000000 
     39     2.500000      1.500000     0.000000 
     40     3.000000      1.500000     0.000000 
     41     3.500000      1.500000     0.000000 
     42     4.000000      1.500000     0.000000 
     43     4.500000      1.500000     0.000000 
     44     5.000000      1.500000     0.000000 
     45     0.000000      2.000000     0.000000 
     46     0.500000      2.000000     0.000000 
     47     1.000000      2.000000     0.000000 
     48     1.500000      2.000000     0.000000 
     49     2.000000      2.000000     0.000000 
     50     2.500000      2.000000     0.000000 
     51     3.000000      2.000000     0.000000 
     52     3.500000      2.000000     0.000000 
     53     4.000000      2.000000     0.000000 
     54     4.500000      2.000000     0.000000 
     55     5.000000      2.000000     0.000000 
     56     0.000000      2.500000     0.000000 
     57     0.500000      2.500000     0.000000 
     58     1.000000      2.500000     0.000000 
     59     1.500000      2.500000     0.000000 
     60     2.000000      2.500000     0.000000 
     61     2.500000      2.500000     0.000000 
     62     3.000000      2.500000     0.000000 
     63     3.500000      2.500000     0.000000 
     64     4.000000      2.500000     0.000000 
     65     4.500000      2.500000     0.000000 
     66     5.000000      2.500000     0.000000 
     67     0.000000      3.000000     0.000000 
     68     0.500000      3.000000     0.000000 
     69     1.000000      3.000000     0.000000 
     70     1.500000      3.000000     0.000000 
     71     2.000000      3.000000     0.000000 
     72     2.500000      3.000000     0.000000 
     73     3.000000      3.000000     0.000000 
     74     3.500000      3.000000     0.000000 
     75     4.000000      3.000000     0.000000 
     76     4.500000      3.000000     0.000000 
     77     5.000000      3.000000     0.000000 
     78     0.000000      3.500000     0.000000 
     79     0.500000      3.500000     0.000000 
     80     1.000000      3.500000     0.000000 
     81     1.500000      3.500000     0.000000 
     82     2.000000      3.500000     0.000000 
     83     2.500000      3.500000     0.000000 
     84     3.000000      3.500000     0.000000 
     85     3.500000      3.500000     0.000000 
     86     4.000000      3.500000     0.000000 
     87     4.500000      3.500000     0.000000 
     88     5.000000      3.500000     0.000000 
     89     0.000000      4.000000     0.000000 
     90     0.500000      4.000000     0.000000 
     91     1.000000      4.000000     0.000000 
     92     1.500000      4.000000     0.000000 
     93     2.000000      4.000000     0.000000 
     94     2.500000      4.000000     0.000000 
     95     3.000000      4.000000     0.000000 
     96     3.500000      4.000000     0.000000 
     97     4.000000      4.000000     0.000000 
     98     4.500000      4.000000     0.000000 
     99     5.000000      4.000000     0.000000 
$Numero de elementos (conectividades) y tipo de elemento, 1=Lineal, 2=Cuadratico...
     160    1
$Conectividades por elemento  Elemento/Nodos a b c /Tipo de Material
     1     1      2     12        1
     2     2      13     12 	  1
     3     2      3     13 	  1
     4     3      14     13 	  1
     5     3      4     14 	  1
     6     4      15     14 	  1
     7     4      5     15 	  1
     8     5      16     15 	  1
     9     5      6     16 	  1
     10     6      17     16 	  1
     11     6      7     17 	  1
     12     7      18     17 	  1
     13     7      8     18 	  1
     14     8      19     18 	  1
     15     8      9     19 	  1
     16     9      20     19 	  1
     17     9      10     20 	  1
     18     10      21     20 	  1
     19     10      11     21 	  1
     20     11      22     21 	  1
     21     12      13     23 	  1
     22     13      24     23 	  1
     23     13      14     24 	  1
     24     14      25     24 	  1
     25     14      15     25 	  1
     26     15      26     25 	  1
     27     15      16     26 	  1
     28     16      27     26 	  1
     29     16      17     27 	  1
     30     17      28     27 	  1
     31     17      18     28 	  1
     32     18      29     28 	  1
     33     18      19     29 	  1
     34     19      30     29 	  1
     35     19      20     30 	  1
     36     20      31     30 	  1
     37     20      21     31 	  1
     38     21      32     31 	  1
     39     21      22     32 	  1
     40     22      33     32 	  1
     41     23      24     34 	  1
     42     24      35     34 	  1
     43     24      25     35 	  1
     44     25      36     35 	  1
     45     25      26     36 	  1
     46     26      37     36 	  1
     47     26      27     37 	  1
     48     27      38     37 	  1
     49     27      28     38 	  1
     50     28      39     38 	  1
     51     28      29     39 	  1
     52     29      40     39 	  1
     53     29      30     40 	  1
     54     30      41     40 	  1
     55     30      31     41 	  1
     56     31      42     41 	  1
     57     31      32     42 	  1
     58     32      43     42 	  1
     59     32      33     43 	  1
     60     33      44     43 	  1
     61     34      35     45 	  1
     62     35      46     45 	  1
     63     35      36     46 	  1
     64     36      47     46 	  1
     65     36      37     47 	  1
     66     37      48     47 	  1
     67     37      38     48 	  1
     68     38      49     48 	  1
     69     38      39     49 	  1
     70     39      50     49 	  1
     71     39      40     50 	  1
     72     40      51     50 	  1
     73     40      41     51 	  1
     74     41      52     51 	  1
     75     41      42     52 	  1
     76     42      53     52 	  1
     77     42      43     53 	  1
     78     43      54     53 	  1
     79     43      44     54 	  1
     80     44      55     54 	  1
     81     45      46     56 	  2
     82     46      57     56 	  2
     83     46      47     57 	  2
     84     47      58     57 	  2
     85     47      48     58 	  2
     86     48      59     58 	  2
     87     48      49     59 	  2
     88     49      60     59 	  2
     89     49      50     60 	  1
     90     50      61     60 	  1
     91     50      51     61 	  1
     92     51      62     61 	  1
     93     51      52     62 	  1
     94     52      63     62 	  1
     95     52      53     63 	  1
     96     53      64     63 	  1
     97     53      54     64 	  1
     98     54      65     64 	  1
     99     54      55     65 	  1
     100     55      66     65 	  1
     101     56      57     67 	  2
     102     57      68     67 	  2
     103     57      58     68 	  2
     104     58      69     68 	  2
     105     58      59     69 	  2
     106     59      70     69 	  2
     107     59      60     70 	  2
     108     60      71     70 	  2
     109     60      61     71 	  1
     110     61      72     71 	  1
     111     61      62     72 	  1
     112     62      73     72 	  1
     113     62      63     73 	  1
     114     63      74     73 	  1
     115     63      64     74 	  1
     116     64      75     74 	  1
     117     64      65     75 	  1
     118     65      76     75 	  1
     119     65      66     76 	  1
     120     66      77     76 	  2
     121     67      68     78 	  2
     122     68      79     78 	  2
     123     68      69     79 	  2
     124     69      80     79 	  2
     125     69      70     80 	  2
     126     70      81     80 	  2
     127     70      71     81 	  2
     128     71      82     81 	  2
     129     71      72     82 	  1
     130     72      83     82 	  1
     131     72      73     83 	  1
     132     73      84     83 	  1
     133     73      74     84 	  1
     134     74      85     84 	  1
     135     74      75     85 	  1
     136     75      86     85 	  1
     137     75      76     86 	  1
     138     76      87     86 	  1
     139     76      77     87 	  1
     140     77      88     87 	  2
     141     78      79     89 	  2
     142     79      90     89 	  2
     143     79      80     90 	  2
     144     80      91     90 	  2
     145     80      81     91 	  2
     146     81      92     91 	  2
     147     81      82     92 	  2
     148     82      93     92 	  2
     149     82      83     93 	  1
     150     83      94     93 	  1
     151     83      84     94 	  1
     152     84      95     94 	  1
     153     84      85     95 	  1
     154     85      96     95 	  1
     155     85      86     96 	  1
     156     86      97     96 	  1
     157     86      87     97 	  1
     158     87      98     97 	  1
     159     87      88     98 	  1
     160     88      99     98 	  1
$Cantidad de MAteriales / Cantidad de variables de concuctancia Kx-Ky
     2     2
$Tipo de Material / Kx  /   ky
     1              1       2
     2              6       6
$Cantidad de Nodos con Condicion Dirchlet
     9
$Nodo/Grados de Libertad/CB
     1      1      0
     12	    1	   0
     23	    1	   0
     34	    1	   0
     45	    1	   0
     56     1      0
     67     1	   0
     78     1	   0
     89     1	   0
$LISTA DE CARGAS NODALES  
     0
$Numero de Nodos Frontera
     36 
$Matriz de Nodos Frontera (Coordenadas)
     1 0.000000 0.000000 0.000000 
     2 0.500000 0.000000 0.000000 
     3 1.000000 0.000000 0.000000 
     4 1.500000 0.000000 0.000000 
     5 2.000000 0.000000 0.000000 
     6 2.500000 0.000000 0.000000 
     7 3.000000 0.000000 0.000000 
     8 3.500000 0.000000 0.000000 
     9 4.000000 0.000000 0.000000 
     10 4.500000 0.000000 0.000000 
     11 5.000000 0.000000 0.000000 
     22 5.000000 0.500000 0.000000 
     33 5.000000 1.000000 0.000000 
     44 5.000000 1.500000 0.000000 
     55 5.000000 2.000000 0.000000 
     66 5.000000 2.500000 0.000000 
     77 5.000000 3.000000 0.000000 
     88 5.000000 3.500000 0.000000 
     99 5.000000 4.000000 0.000000 
     98 4.500000 4.000000 0.000000 
     97 4.000000 4.000000 0.000000 
     96 3.500000 4.000000 0.000000 
     95 3.000000 4.000000 0.000000 
     94 2.500000 4.000000 0.000000 
     93 2.000000 4.000000 0.000000 
     92 1.500000 4.000000 0.000000 
     91 1.000000 4.000000 0.000000 
     90 0.500000 4.000000 0.000000 
     89 0.000000 4.000000 0.000000 
     78 0.000000 3.500000 0.000000 
     67 0.000000 3.000000 0.000000 
     56 0.000000 2.500000 0.000000 
     45 0.000000 2.000000 0.000000 
     34 0.000000 1.500000 0.000000 
     23 0.000000 1.000000 0.000000 
     12 0.000000 0.500000 0.000000
$Elementos Forntera   
      36
$Matriz de Elementos Frontera (Conectividades)
$Elemento/ Nodo a b/ Tipo de CB   0=CB.Dirichlet  1=CB.Robin  2=CB.Neumann
       1 1 2  	   0
       2 2 3  	   2
       3 3 4  	   2
       4 4 5  	   2
       5 5 6 	   2
       6 6 7 	   2
       7 7 8 	   2
       8 8 9 	   2
       9 9 10      2
       10 10 11    2
       11 11 22    2
       12 22 33    2
       13 33 44    2
       14 44 55    2
       15 55 66    2
       16 66 77    2
       17 77 88    2
       18 88 99    2
       19 99 98    1
       20 98 97    1
       21 97 96    1
       22 96 95    1
       23 95 94    1
       24 94 93    1
       25 93 92    1
       26 92 91    1
       27 91 90    1
       28 90 89    1
       29 89 78    0
       30 78 67    0
       31 67 56    0
       32 56 45    0
       33 45 34    0
       34 34 23    0
       35 23 12    0
       36 12 1     0
$ h para la CB.Robin
    3
$ Temperatura de referencia CB.Robin
    15
$Cantidad de Nodos con CB.Neumann
    18
$Elemento/Nodos con CB de Neumann/ Valor en el Nodo
    1   1   0.0      
    1   2   0.20     	                 
    2   3   0.40
    3   4   0.60
    4   5   0.80
    5   6   1.00
    6   7   1.20
    7   8   1.40
    8   9   1.60
    9   10  1.80
    10  11  2.00
    11  22  1.75 
    12	33  1.50 
    13	44  1.25 
    14	55  1.00 
    15	66  0.75 
    16	77  0.50 
    17	88  0.25 
