54 
1 0.000000 0.000000 0.000000 
 2 0.333333 0.000000 0.000000 
 3 0.666667 0.000000 0.000000 
 4 1.000000 0.000000 0.000000 
 5 1.333333 0.000000 0.000000 
 6 1.666667 0.000000 0.000000 
 7 2.000000 0.000000 0.000000 
 8 2.333333 0.000000 0.000000 
 9 2.666667 0.000000 0.000000 
 10 3.000000 0.000000 0.000000 
 11 3.333333 0.000000 0.000000 
 12 3.666667 0.000000 0.000000 
 13 4.000000 0.000000 0.000000 
 14 4.333333 0.000000 0.000000 
 15 4.666667 0.000000 0.000000 
 16 5.000000 0.000000 0.000000 
 32 5.000000 0.333333 0.000000 
 48 5.000000 0.666667 0.000000 
 64 5.000000 1.000000 0.000000 
 80 5.000000 1.333333 0.000000 
 96 5.000000 1.666667 0.000000 
 112 5.000000 2.000000 0.000000 
 128 5.000000 2.333333 0.000000 
 144 5.000000 2.666667 0.000000 
 160 5.000000 3.000000 0.000000 
 176 5.000000 3.333333 0.000000 
 192 5.000000 3.666667 0.000000 
 208 5.000000 4.000000 0.000000 
 207 4.666667 4.000000 0.000000 
 206 4.333333 4.000000 0.000000 
 205 4.000000 4.000000 0.000000 
 204 3.666667 4.000000 0.000000 
 203 3.333333 4.000000 0.000000 
 202 3.000000 4.000000 0.000000 
 201 2.666667 4.000000 0.000000 
 200 2.333333 4.000000 0.000000 
 199 2.000000 4.000000 0.000000 
 198 1.666667 4.000000 0.000000 
 197 1.333333 4.000000 0.000000 
 196 1.000000 4.000000 0.000000 
 195 0.666667 4.000000 0.000000 
 194 0.333333 4.000000 0.000000 
 193 0.000000 4.000000 0.000000 
 177 0.000000 3.666667 0.000000 
 161 0.000000 3.333333 0.000000 
 145 0.000000 3.000000 0.000000 
 129 0.000000 2.666667 0.000000 
 113 0.000000 2.333333 0.000000 
 97 0.000000 2.000000 0.000000 
 81 0.000000 1.666667 0.000000 
 65 0.000000 1.333333 0.000000 
 49 0.000000 1.000000 0.000000 
 33 0.000000 0.666667 0.000000 
 17 0.000000 0.333333 0.000000 
 54 
1 1 2 
 2 2 3 
 3 3 4 
 4 4 5 
 5 5 6 
 6 6 7 
 7 7 8 
 8 8 9 
 9 9 10 
 10 10 11 
 11 11 12 
 12 12 13 
 13 13 14 
 14 14 15 
 15 15 16 
 16 16 32 
 17 32 48 
 18 48 64 
 19 64 80 
 20 80 96 
 21 96 112 
 22 112 128 
 23 128 144 
 24 144 160 
 25 160 176 
 26 176 192 
 27 192 208 
 28 208 207 
 29 207 206 
 30 206 205 
 31 205 204 
 32 204 203 
 33 203 202 
 34 202 201 
 35 201 200 
 36 200 199 
 37 199 198 
 38 198 197 
 39 197 196 
 40 196 195 
 41 195 194 
 42 194 193 
 43 193 177 
 44 177 161 
 45 161 145 
 46 145 129 
 47 129 113 
 48 113 97 
 49 97 81 
 50 81 65 
 51 65 49 
 52 49 33 
 53 33 17 
 54 17 1 
 