36 
1 0.000000 0.000000 0.000000 
 2 0.500000 0.000000 0.000000 
 3 1.000000 0.000000 0.000000 
 4 1.500000 0.000000 0.000000 
 5 2.000000 0.000000 0.000000 
 6 2.500000 0.000000 0.000000 
 7 3.000000 0.000000 0.000000 
 8 3.500000 0.000000 0.000000 
 9 4.000000 0.000000 0.000000 
 10 4.500000 0.000000 0.000000 
 11 5.000000 0.000000 0.000000 
 22 5.000000 0.500000 0.000000 
 33 5.000000 1.000000 0.000000 
 44 5.000000 1.500000 0.000000 
 55 5.000000 2.000000 0.000000 
 66 5.000000 2.500000 0.000000 
 77 5.000000 3.000000 0.000000 
 88 5.000000 3.500000 0.000000 
 99 5.000000 4.000000 0.000000 
 98 4.500000 4.000000 0.000000 
 97 4.000000 4.000000 0.000000 
 96 3.500000 4.000000 0.000000 
 95 3.000000 4.000000 0.000000 
 94 2.500000 4.000000 0.000000 
 93 2.000000 4.000000 0.000000 
 92 1.500000 4.000000 0.000000 
 91 1.000000 4.000000 0.000000 
 90 0.500000 4.000000 0.000000 
 89 0.000000 4.000000 0.000000 
 78 0.000000 3.500000 0.000000 
 67 0.000000 3.000000 0.000000 
 56 0.000000 2.500000 0.000000 
 45 0.000000 2.000000 0.000000 
 34 0.000000 1.500000 0.000000 
 23 0.000000 1.000000 0.000000 
 12 0.000000 0.500000 0.000000 
 36 
1 1 2 
 2 2 3 
 3 3 4 
 4 4 5 
 5 5 6 
 6 6 7 
 7 7 8 
 8 8 9 
 9 9 10 
 10 10 11 
 11 11 22 
 12 22 33 
 13 33 44 
 14 44 55 
 15 55 66 
 16 66 77 
 17 77 88 
 18 88 99 
 19 99 98 
 20 98 97 
 21 97 96 
 22 96 95 
 23 95 94 
 24 94 93 
 25 93 92 
 26 92 91 
 27 91 90 
 28 90 89 
 29 89 78 
 30 78 67 
 31 67 56 
 32 56 45 
 33 45 34 
 34 34 23 
 35 23 12 
 36 12 1 
 