20 
1 0.000000 0.000000 0.000000 
 2 4.000000 0.000000 0.000000 
 3 8.000000 0.000000 0.000000 
 4 12.000000 0.000000 0.000000 
 5 16.000000 0.000000 0.000000 
 6 20.000000 0.000000 0.000000 
 7 0.000000 4.000000 0.000000 
 12 20.000000 4.000000 0.000000 
 13 0.000000 8.000000 0.000000 
 18 20.000000 8.000000 0.000000 
 19 0.000000 12.000000 0.000000 
 24 20.000000 12.000000 0.000000 
 25 0.000000 16.000000 0.000000 
 30 20.000000 16.000000 0.000000 
 31 0.000000 20.000000 0.000000 
 32 4.000000 20.000000 0.000000 
 33 8.000000 20.000000 0.000000 
 34 12.000000 20.000000 0.000000 
 35 16.000000 20.000000 0.000000 
 36 20.000000 20.000000 0.000000 
 20 
1 1 2 
 2 2 3 
 3 3 4 
 4 4 5 
 5 5 6 
 6 6 12 
 7 12 18 
 8 18 24 
 9 24 30 
 10 30 36 
 11 31 32 
 12 32 33 
 13 33 34 
 14 34 35 
 15 35 36 
 16 1 7 
 17 7 13 
 18 13 19 
 19 19 25 
 20 25 31 
 