$Numeros de Nodos
     36 
$Lista de Nodos y sus coordenadas
     1     0.000000      0.000000     0.000000 
     2     4.000000      0.000000     0.000000 
     3     8.000000      0.000000     0.000000 
     4     12.000000      0.000000     0.000000 
     5     16.000000      0.000000     0.000000 
     6     20.000000      0.000000     0.000000 
     7     0.000000      4.000000     0.000000 
     8     4.000000      4.000000     0.000000 
     9     8.000000      4.000000     0.000000 
     10     12.000000      4.000000     0.000000 
     11     16.000000      4.000000     0.000000 
     12     20.000000      4.000000     0.000000 
     13     0.000000      8.000000     0.000000 
     14     4.000000      8.000000     0.000000 
     15     8.000000      8.000000     0.000000 
     16     12.000000      8.000000     0.000000 
     17     16.000000      8.000000     0.000000 
     18     20.000000      8.000000     0.000000 
     19     0.000000      12.000000     0.000000 
     20     4.000000      12.000000     0.000000 
     21     8.000000      12.000000     0.000000 
     22     12.000000      12.000000     0.000000 
     23     16.000000      12.000000     0.000000 
     24     20.000000      12.000000     0.000000 
     25     0.000000      16.000000     0.000000 
     26     4.000000      16.000000     0.000000 
     27     8.000000      16.000000     0.000000 
     28     12.000000      16.000000     0.000000 
     29     16.000000      16.000000     0.000000 
     30     20.000000      16.000000     0.000000 
     31     0.000000      20.000000     0.000000 
     32     4.000000      20.000000     0.000000 
     33     8.000000      20.000000     0.000000 
     34     12.000000      20.000000     0.000000 
     35     16.000000      20.000000     0.000000 
     36     20.000000      20.000000     0.000000 
$Numero de elementos (conectividades) y tipo de elemento, 1=Lineal, 2=Cuadratico...
     50  1
$Conectividades por elemento  Elemento/Nodos a b c /Tipo de Material
     1     1      2     7       1
     2     2      8     7       1
     3     2      3     8       1
     4     3      9     8       1
     5     3      4     9       1
     6     4      10     9      1
     7     4      5     10      1
     8     5      11     10     1
     9     5      6     11      1
     10     6      12     11    1
     11     7      8     13     1
     12     8      14     13    1
     13     8      9     14     1
     14     9      15     14    1   
     15     9      10     15    1
     16     10      16     15   1
     17     10      11     16   1
     18     11      17     16   1
     19     11      12     17   1
     20     12      18     17   1
     21     13      14     19   1
     22     14      20     19   1
     23     14      15     20   1
     24     15      21     20   1
     25     15      16     21   1
     26     16      22     21   1
     27     16      17     22   1
     28     17      23     22   1
     29     17      18     23   1
     30     18      24     23   1
     31     19      20     25   1
     32     20      26     25   1
     33     20      21     26   1
     34     21      27     26   1
     35     21      22     27   1
     36     22      28     27   1
     37     22      23     28   1
     38     23      29     28   1
     39     23      24     29   1
     40     24      30     29   1
     41     25      26     31   1
     42     26      32     31   1
     43     26      27     32   1
     44     27      33     32   1
     45     27      28     33   1
     46     28      34     33   1
     47     28      29     34   1
     48     29      35     34   1
     49     29      30     35   1
     50     30      36     35   1
$Cantidad de MAteriales / Cantidad de variables de concuctancia Kx-Ky
     2     2
$Tipo de Material / Kx  /   ky
     1             1000     1000
     2               1       1
$Cantidad de Nodos con Condicion Dirchlet
     7   
$Nodo/Grados de Libertad/CB
     1   1   0
     2   1   0
     3   1   0
     4   1   0
     5   1   0
     6   1   0
     36  1   60
$LISTA DE CARGAS NODALES  
     0
$Numero de Nodos Frontera
    20 
$Matriz de Nodos Frontera (Coordenadas)
1 0.000000 0.000000 0.000000 
 2 4.000000 0.000000 0.000000 
 3 8.000000 0.000000 0.000000 
 4 12.000000 0.000000 0.000000 
 5 16.000000 0.000000 0.000000 
 6 20.000000 0.000000 0.000000 
 7 0.000000 4.000000 0.000000 
 12 20.000000 4.000000 0.000000 
 13 0.000000 8.000000 0.000000 
 18 20.000000 8.000000 0.000000 
 19 0.000000 12.000000 0.000000 
 24 20.000000 12.000000 0.000000 
 25 0.000000 16.000000 0.000000 
 30 20.000000 16.000000 0.000000 
 31 0.000000 20.000000 0.000000 
 32 4.000000 20.000000 0.000000 
 33 8.000000 20.000000 0.000000 
 34 12.000000 20.000000 0.000000 
 35 16.000000 20.000000 0.000000 
 36 20.000000 20.000000 0.000000 
$Elementos Forntera
 20
$Matriz de Elementos Frontera (Conectividades)
$Elemento/ Nodo a b/ Tipo de CB   0=CB.Dirichlet  1=CB.Robin  2=CB.Neumann
 1 1 2     0
 2 2 3     0
 3 3 4     0
 4 4 5     0
 5 5 6     0
 6 6 12    1
 7 12 18   1
 8 18 24   1
 9 24 30   0
 10 30 36  0 
 11 31 32  0
 12 32 33  0
 13 33 34  0
 14 34 35  0
 15 35 36  0
 16 1 7    0
 17 7 13   0
 18 13 19  0
 19 19 25  2
 20 25 31  2 
$ h para la CB.Robin
    10
$ Temperatura de referencia CB.Robin
    60
$Cantidad de Nodos con CB.Neumann
    4
$Elemento/Nodos con CB de Neumann/ Valor en el Nodo
 19  19  100
 19  25  100
 20  25  100
 20  31  100