100 
1 0.000000 0.000000 0.000000 
 2 0.800000 0.000000 0.000000 
 3 1.600000 0.000000 0.000000 
 4 2.400000 0.000000 0.000000 
 5 3.200000 0.000000 0.000000 
 6 4.000000 0.000000 0.000000 
 7 4.800000 0.000000 0.000000 
 8 5.600000 0.000000 0.000000 
 9 6.400000 0.000000 0.000000 
 10 7.200000 0.000000 0.000000 
 11 8.000000 0.000000 0.000000 
 12 8.800000 0.000000 0.000000 
 13 9.600000 0.000000 0.000000 
 14 10.400000 0.000000 0.000000 
 15 11.200000 0.000000 0.000000 
 16 12.000000 0.000000 0.000000 
 17 12.800000 0.000000 0.000000 
 18 13.600000 0.000000 0.000000 
 19 14.400000 0.000000 0.000000 
 20 15.200000 0.000000 0.000000 
 21 16.000000 0.000000 0.000000 
 22 16.800000 0.000000 0.000000 
 23 17.600000 0.000000 0.000000 
 24 18.400000 0.000000 0.000000 
 25 19.200000 0.000000 0.000000 
 26 20.000000 0.000000 0.000000 
 27 0.000000 0.800000 0.000000 
 52 20.000000 0.800000 0.000000 
 53 0.000000 1.600000 0.000000 
 78 20.000000 1.600000 0.000000 
 79 0.000000 2.400000 0.000000 
 104 20.000000 2.400000 0.000000 
 105 0.000000 3.200000 0.000000 
 130 20.000000 3.200000 0.000000 
 131 0.000000 4.000000 0.000000 
 156 20.000000 4.000000 0.000000 
 157 0.000000 4.800000 0.000000 
 182 20.000000 4.800000 0.000000 
 183 0.000000 5.600000 0.000000 
 208 20.000000 5.600000 0.000000 
 209 0.000000 6.400000 0.000000 
 234 20.000000 6.400000 0.000000 
 235 0.000000 7.200000 0.000000 
 260 20.000000 7.200000 0.000000 
 261 0.000000 8.000000 0.000000 
 286 20.000000 8.000000 0.000000 
 287 0.000000 8.800000 0.000000 
 312 20.000000 8.800000 0.000000 
 313 0.000000 9.600000 0.000000 
 338 20.000000 9.600000 0.000000 
 339 0.000000 10.400000 0.000000 
 364 20.000000 10.400000 0.000000 
 365 0.000000 11.200000 0.000000 
 390 20.000000 11.200000 0.000000 
 391 0.000000 12.000000 0.000000 
 416 20.000000 12.000000 0.000000 
 417 0.000000 12.800000 0.000000 
 442 20.000000 12.800000 0.000000 
 443 0.000000 13.600000 0.000000 
 468 20.000000 13.600000 0.000000 
 469 0.000000 14.400000 0.000000 
 494 20.000000 14.400000 0.000000 
 495 0.000000 15.200000 0.000000 
 520 20.000000 15.200000 0.000000 
 521 0.000000 16.000000 0.000000 
 546 20.000000 16.000000 0.000000 
 547 0.000000 16.800000 0.000000 
 572 20.000000 16.800000 0.000000 
 573 0.000000 17.600000 0.000000 
 598 20.000000 17.600000 0.000000 
 599 0.000000 18.400000 0.000000 
 624 20.000000 18.400000 0.000000 
 625 0.000000 19.200000 0.000000 
 650 20.000000 19.200000 0.000000 
 651 0.000000 20.000000 0.000000 
 652 0.800000 20.000000 0.000000 
 653 1.600000 20.000000 0.000000 
 654 2.400000 20.000000 0.000000 
 655 3.200000 20.000000 0.000000 
 656 4.000000 20.000000 0.000000 
 657 4.800000 20.000000 0.000000 
 658 5.600000 20.000000 0.000000 
 659 6.400000 20.000000 0.000000 
 660 7.200000 20.000000 0.000000 
 661 8.000000 20.000000 0.000000 
 662 8.800000 20.000000 0.000000 
 663 9.600000 20.000000 0.000000 
 664 10.400000 20.000000 0.000000 
 665 11.200000 20.000000 0.000000 
 666 12.000000 20.000000 0.000000 
 667 12.800000 20.000000 0.000000 
 668 13.600000 20.000000 0.000000 
 669 14.400000 20.000000 0.000000 
 670 15.200000 20.000000 0.000000 
 671 16.000000 20.000000 0.000000 
 672 16.800000 20.000000 0.000000 
 673 17.600000 20.000000 0.000000 
 674 18.400000 20.000000 0.000000 
 675 19.200000 20.000000 0.000000 
 676 20.000000 20.000000 0.000000 
 100 
1 1 2 
 2 2 3 
 3 3 4 
 4 4 5 
 5 5 6 
 6 6 7 
 7 7 8 
 8 8 9 
 9 9 10 
 10 10 11 
 11 11 12 
 12 12 13 
 13 13 14 
 14 14 15 
 15 15 16 
 16 16 17 
 17 17 18 
 18 18 19 
 19 19 20 
 20 20 21 
 21 21 22 
 22 22 23 
 23 23 24 
 24 24 25 
 25 25 26 
 26 26 52 
 27 52 78 
 28 78 104 
 29 104 130 
 30 130 156 
 31 156 182 
 32 182 208 
 33 208 234 
 34 234 260 
 35 260 286 
 36 286 312 
 37 312 338 
 38 338 364 
 39 364 390 
 40 390 416 
 41 416 442 
 42 442 468 
 43 468 494 
 44 494 520 
 45 520 546 
 46 546 572 
 47 572 598 
 48 598 624 
 49 624 650 
 50 650 676 
 51 651 652 
 52 652 653 
 53 653 654 
 54 654 655 
 55 655 656 
 56 656 657 
 57 657 658 
 58 658 659 
 59 659 660 
 60 660 661 
 61 661 662 
 62 662 663 
 63 663 664 
 64 664 665 
 65 665 666 
 66 666 667 
 67 667 668 
 68 668 669 
 69 669 670 
 70 670 671 
 71 671 672 
 72 672 673 
 73 673 674 
 74 674 675 
 75 675 676 
 76 1 27 
 77 27 53 
 78 53 79 
 79 79 105 
 80 105 131 
 81 131 157 
 82 157 183 
 83 183 209 
 84 209 235 
 85 235 261 
 86 261 287 
 87 287 313 
 88 313 339 
 89 339 365 
 90 365 391 
 91 391 417 
 92 417 443 
 93 443 469 
 94 469 495 
 95 495 521 
 96 521 547 
 97 547 573 
 98 573 599 
 99 599 625 
 100 625 651 
 