     121 
     1     0.000000      0.000000     0.000000 
     2     2.000000      0.000000     0.000000 
     3     4.000000      0.000000     0.000000 
     4     6.000000      0.000000     0.000000 
     5     8.000000      0.000000     0.000000 
     6     10.000000      0.000000     0.000000 
     7     12.000000      0.000000     0.000000 
     8     14.000000      0.000000     0.000000 
     9     16.000000      0.000000     0.000000 
     10     18.000000      0.000000     0.000000 
     11     20.000000      0.000000     0.000000 
     12     0.000000      2.000000     0.000000 
     13     2.000000      2.000000     0.000000 
     14     4.000000      2.000000     0.000000 
     15     6.000000      2.000000     0.000000 
     16     8.000000      2.000000     0.000000 
     17     10.000000      2.000000     0.000000 
     18     12.000000      2.000000     0.000000 
     19     14.000000      2.000000     0.000000 
     20     16.000000      2.000000     0.000000 
     21     18.000000      2.000000     0.000000 
     22     20.000000      2.000000     0.000000 
     23     0.000000      4.000000     0.000000 
     24     2.000000      4.000000     0.000000 
     25     4.000000      4.000000     0.000000 
     26     6.000000      4.000000     0.000000 
     27     8.000000      4.000000     0.000000 
     28     10.000000      4.000000     0.000000 
     29     12.000000      4.000000     0.000000 
     30     14.000000      4.000000     0.000000 
     31     16.000000      4.000000     0.000000 
     32     18.000000      4.000000     0.000000 
     33     20.000000      4.000000     0.000000 
     34     0.000000      6.000000     0.000000 
     35     2.000000      6.000000     0.000000 
     36     4.000000      6.000000     0.000000 
     37     6.000000      6.000000     0.000000 
     38     8.000000      6.000000     0.000000 
     39     10.000000      6.000000     0.000000 
     40     12.000000      6.000000     0.000000 
     41     14.000000      6.000000     0.000000 
     42     16.000000      6.000000     0.000000 
     43     18.000000      6.000000     0.000000 
     44     20.000000      6.000000     0.000000 
     45     0.000000      8.000000     0.000000 
     46     2.000000      8.000000     0.000000 
     47     4.000000      8.000000     0.000000 
     48     6.000000      8.000000     0.000000 
     49     8.000000      8.000000     0.000000 
     50     10.000000      8.000000     0.000000 
     51     12.000000      8.000000     0.000000 
     52     14.000000      8.000000     0.000000 
     53     16.000000      8.000000     0.000000 
     54     18.000000      8.000000     0.000000 
     55     20.000000      8.000000     0.000000 
     56     0.000000      10.000000     0.000000 
     57     2.000000      10.000000     0.000000 
     58     4.000000      10.000000     0.000000 
     59     6.000000      10.000000     0.000000 
     60     8.000000      10.000000     0.000000 
     61     10.000000      10.000000     0.000000 
     62     12.000000      10.000000     0.000000 
     63     14.000000      10.000000     0.000000 
     64     16.000000      10.000000     0.000000 
     65     18.000000      10.000000     0.000000 
     66     20.000000      10.000000     0.000000 
     67     0.000000      12.000000     0.000000 
     68     2.000000      12.000000     0.000000 
     69     4.000000      12.000000     0.000000 
     70     6.000000      12.000000     0.000000 
     71     8.000000      12.000000     0.000000 
     72     10.000000      12.000000     0.000000 
     73     12.000000      12.000000     0.000000 
     74     14.000000      12.000000     0.000000 
     75     16.000000      12.000000     0.000000 
     76     18.000000      12.000000     0.000000 
     77     20.000000      12.000000     0.000000 
     78     0.000000      14.000000     0.000000 
     79     2.000000      14.000000     0.000000 
     80     4.000000      14.000000     0.000000 
     81     6.000000      14.000000     0.000000 
     82     8.000000      14.000000     0.000000 
     83     10.000000      14.000000     0.000000 
     84     12.000000      14.000000     0.000000 
     85     14.000000      14.000000     0.000000 
     86     16.000000      14.000000     0.000000 
     87     18.000000      14.000000     0.000000 
     88     20.000000      14.000000     0.000000 
     89     0.000000      16.000000     0.000000 
     90     2.000000      16.000000     0.000000 
     91     4.000000      16.000000     0.000000 
     92     6.000000      16.000000     0.000000 
     93     8.000000      16.000000     0.000000 
     94     10.000000      16.000000     0.000000 
     95     12.000000      16.000000     0.000000 
     96     14.000000      16.000000     0.000000 
     97     16.000000      16.000000     0.000000 
     98     18.000000      16.000000     0.000000 
     99     20.000000      16.000000     0.000000 
     100     0.000000      18.000000     0.000000 
     101     2.000000      18.000000     0.000000 
     102     4.000000      18.000000     0.000000 
     103     6.000000      18.000000     0.000000 
     104     8.000000      18.000000     0.000000 
     105     10.000000      18.000000     0.000000 
     106     12.000000      18.000000     0.000000 
     107     14.000000      18.000000     0.000000 
     108     16.000000      18.000000     0.000000 
     109     18.000000      18.000000     0.000000 
     110     20.000000      18.000000     0.000000 
     111     0.000000      20.000000     0.000000 
     112     2.000000      20.000000     0.000000 
     113     4.000000      20.000000     0.000000 
     114     6.000000      20.000000     0.000000 
     115     8.000000      20.000000     0.000000 
     116     10.000000      20.000000     0.000000 
     117     12.000000      20.000000     0.000000 
     118     14.000000      20.000000     0.000000 
     119     16.000000      20.000000     0.000000 
     120     18.000000      20.000000     0.000000 
     121     20.000000      20.000000     0.000000 
     200   1
     1     1      2     12 
     2     2      13     12 
     3     2      3     13 
     4     3      14     13 
     5     3      4     14 
     6     4      15     14 
     7     4      5     15 
     8     5      16     15 
     9     5      6     16 
     10     6      17     16 
     11     6      7     17 
     12     7      18     17 
     13     7      8     18 
     14     8      19     18 
     15     8      9     19 
     16     9      20     19 
     17     9      10     20 
     18     10      21     20 
     19     10      11     21 
     20     11      22     21 
     21     12      13     23 
     22     13      24     23 
     23     13      14     24 
     24     14      25     24 
     25     14      15     25 
     26     15      26     25 
     27     15      16     26 
     28     16      27     26 
     29     16      17     27 
     30     17      28     27 
     31     17      18     28 
     32     18      29     28 
     33     18      19     29 
     34     19      30     29 
     35     19      20     30 
     36     20      31     30 
     37     20      21     31 
     38     21      32     31 
     39     21      22     32 
     40     22      33     32 
     41     23      24     34 
     42     24      35     34 
     43     24      25     35 
     44     25      36     35 
     45     25      26     36 
     46     26      37     36 
     47     26      27     37 
     48     27      38     37 
     49     27      28     38 
     50     28      39     38 
     51     28      29     39 
     52     29      40     39 
     53     29      30     40 
     54     30      41     40 
     55     30      31     41 
     56     31      42     41 
     57     31      32     42 
     58     32      43     42 
     59     32      33     43 
     60     33      44     43 
     61     34      35     45 
     62     35      46     45 
     63     35      36     46 
     64     36      47     46 
     65     36      37     47 
     66     37      48     47 
     67     37      38     48 
     68     38      49     48 
     69     38      39     49 
     70     39      50     49 
     71     39      40     50 
     72     40      51     50 
     73     40      41     51 
     74     41      52     51 
     75     41      42     52 
     76     42      53     52 
     77     42      43     53 
     78     43      54     53 
     79     43      44     54 
     80     44      55     54 
     81     45      46     56 
     82     46      57     56 
     83     46      47     57 
     84     47      58     57 
     85     47      48     58 
     86     48      59     58 
     87     48      49     59 
     88     49      60     59 
     89     49      50     60 
     90     50      61     60 
     91     50      51     61 
     92     51      62     61 
     93     51      52     62 
     94     52      63     62 
     95     52      53     63 
     96     53      64     63 
     97     53      54     64 
     98     54      65     64 
     99     54      55     65 
     100     55      66     65 
     101     56      57     67 
     102     57      68     67 
     103     57      58     68 
     104     58      69     68 
     105     58      59     69 
     106     59      70     69 
     107     59      60     70 
     108     60      71     70 
     109     60      61     71 
     110     61      72     71 
     111     61      62     72 
     112     62      73     72 
     113     62      63     73 
     114     63      74     73 
     115     63      64     74 
     116     64      75     74 
     117     64      65     75 
     118     65      76     75 
     119     65      66     76 
     120     66      77     76 
     121     67      68     78 
     122     68      79     78 
     123     68      69     79 
     124     69      80     79 
     125     69      70     80 
     126     70      81     80 
     127     70      71     81 
     128     71      82     81 
     129     71      72     82 
     130     72      83     82 
     131     72      73     83 
     132     73      84     83 
     133     73      74     84 
     134     74      85     84 
     135     74      75     85 
     136     75      86     85 
     137     75      76     86 
     138     76      87     86 
     139     76      77     87 
     140     77      88     87 
     141     78      79     89 
     142     79      90     89 
     143     79      80     90 
     144     80      91     90 
     145     80      81     91 
     146     81      92     91 
     147     81      82     92 
     148     82      93     92 
     149     82      83     93 
     150     83      94     93 
     151     83      84     94 
     152     84      95     94 
     153     84      85     95 
     154     85      96     95 
     155     85      86     96 
     156     86      97     96 
     157     86      87     97 
     158     87      98     97 
     159     87      88     98 
     160     88      99     98 
     161     89      90     100 
     162     90      101     100 
     163     90      91     101 
     164     91      102     101 
     165     91      92     102 
     166     92      103     102 
     167     92      93     103 
     168     93      104     103 
     169     93      94     104 
     170     94      105     104 
     171     94      95     105 
     172     95      106     105 
     173     95      96     106 
     174     96      107     106 
     175     96      97     107 
     176     97      108     107 
     177     97      98     108 
     178     98      109     108 
     179     98      99     109 
     180     99      110     109 
     181     100      101     111 
     182     101      112     111 
     183     101      102     112 
     184     102      113     112 
     185     102      103     113 
     186     103      114     113 
     187     103      104     114 
     188     104      115     114 
     189     104      105     115 
     190     105      116     115 
     191     105      106     116 
     192     106      117     116 
     193     106      107     117 
     194     107      118     117 
     195     107      108     118 
     196     108      119     118 
     197     108      109     119 
     198     109      120     119 
     199     109      110     120 
     200     110      121     120 
     12
     1   1   0
     2   1   0
     3   1   0
     4   1   0
     5   1   0
     6   1   0
     7   1   0
     8   1   0
     9   1   0
     10   1   0
     11   1   0
     121  1   1000
     0
