     441 
     1     0.000000      0.000000     0.000000 
     2     1.000000      0.000000     0.000000 
     3     2.000000      0.000000     0.000000 
     4     3.000000      0.000000     0.000000 
     5     4.000000      0.000000     0.000000 
     6     5.000000      0.000000     0.000000 
     7     6.000000      0.000000     0.000000 
     8     7.000000      0.000000     0.000000 
     9     8.000000      0.000000     0.000000 
     10     9.000000      0.000000     0.000000 
     11     10.000000      0.000000     0.000000 
     12     11.000000      0.000000     0.000000 
     13     12.000000      0.000000     0.000000 
     14     13.000000      0.000000     0.000000 
     15     14.000000      0.000000     0.000000 
     16     15.000000      0.000000     0.000000 
     17     16.000000      0.000000     0.000000 
     18     17.000000      0.000000     0.000000 
     19     18.000000      0.000000     0.000000 
     20     19.000000      0.000000     0.000000 
     21     20.000000      0.000000     0.000000 
     22     0.000000      1.000000     0.000000 
     23     1.000000      1.000000     0.000000 
     24     2.000000      1.000000     0.000000 
     25     3.000000      1.000000     0.000000 
     26     4.000000      1.000000     0.000000 
     27     5.000000      1.000000     0.000000 
     28     6.000000      1.000000     0.000000 
     29     7.000000      1.000000     0.000000 
     30     8.000000      1.000000     0.000000 
     31     9.000000      1.000000     0.000000 
     32     10.000000      1.000000     0.000000 
     33     11.000000      1.000000     0.000000 
     34     12.000000      1.000000     0.000000 
     35     13.000000      1.000000     0.000000 
     36     14.000000      1.000000     0.000000 
     37     15.000000      1.000000     0.000000 
     38     16.000000      1.000000     0.000000 
     39     17.000000      1.000000     0.000000 
     40     18.000000      1.000000     0.000000 
     41     19.000000      1.000000     0.000000 
     42     20.000000      1.000000     0.000000 
     43     0.000000      2.000000     0.000000 
     44     1.000000      2.000000     0.000000 
     45     2.000000      2.000000     0.000000 
     46     3.000000      2.000000     0.000000 
     47     4.000000      2.000000     0.000000 
     48     5.000000      2.000000     0.000000 
     49     6.000000      2.000000     0.000000 
     50     7.000000      2.000000     0.000000 
     51     8.000000      2.000000     0.000000 
     52     9.000000      2.000000     0.000000 
     53     10.000000      2.000000     0.000000 
     54     11.000000      2.000000     0.000000 
     55     12.000000      2.000000     0.000000 
     56     13.000000      2.000000     0.000000 
     57     14.000000      2.000000     0.000000 
     58     15.000000      2.000000     0.000000 
     59     16.000000      2.000000     0.000000 
     60     17.000000      2.000000     0.000000 
     61     18.000000      2.000000     0.000000 
     62     19.000000      2.000000     0.000000 
     63     20.000000      2.000000     0.000000 
     64     0.000000      3.000000     0.000000 
     65     1.000000      3.000000     0.000000 
     66     2.000000      3.000000     0.000000 
     67     3.000000      3.000000     0.000000 
     68     4.000000      3.000000     0.000000 
     69     5.000000      3.000000     0.000000 
     70     6.000000      3.000000     0.000000 
     71     7.000000      3.000000     0.000000 
     72     8.000000      3.000000     0.000000 
     73     9.000000      3.000000     0.000000 
     74     10.000000      3.000000     0.000000 
     75     11.000000      3.000000     0.000000 
     76     12.000000      3.000000     0.000000 
     77     13.000000      3.000000     0.000000 
     78     14.000000      3.000000     0.000000 
     79     15.000000      3.000000     0.000000 
     80     16.000000      3.000000     0.000000 
     81     17.000000      3.000000     0.000000 
     82     18.000000      3.000000     0.000000 
     83     19.000000      3.000000     0.000000 
     84     20.000000      3.000000     0.000000 
     85     0.000000      4.000000     0.000000 
     86     1.000000      4.000000     0.000000 
     87     2.000000      4.000000     0.000000 
     88     3.000000      4.000000     0.000000 
     89     4.000000      4.000000     0.000000 
     90     5.000000      4.000000     0.000000 
     91     6.000000      4.000000     0.000000 
     92     7.000000      4.000000     0.000000 
     93     8.000000      4.000000     0.000000 
     94     9.000000      4.000000     0.000000 
     95     10.000000      4.000000     0.000000 
     96     11.000000      4.000000     0.000000 
     97     12.000000      4.000000     0.000000 
     98     13.000000      4.000000     0.000000 
     99     14.000000      4.000000     0.000000 
     100     15.000000      4.000000     0.000000 
     101     16.000000      4.000000     0.000000 
     102     17.000000      4.000000     0.000000 
     103     18.000000      4.000000     0.000000 
     104     19.000000      4.000000     0.000000 
     105     20.000000      4.000000     0.000000 
     106     0.000000      5.000000     0.000000 
     107     1.000000      5.000000     0.000000 
     108     2.000000      5.000000     0.000000 
     109     3.000000      5.000000     0.000000 
     110     4.000000      5.000000     0.000000 
     111     5.000000      5.000000     0.000000 
     112     6.000000      5.000000     0.000000 
     113     7.000000      5.000000     0.000000 
     114     8.000000      5.000000     0.000000 
     115     9.000000      5.000000     0.000000 
     116     10.000000      5.000000     0.000000 
     117     11.000000      5.000000     0.000000 
     118     12.000000      5.000000     0.000000 
     119     13.000000      5.000000     0.000000 
     120     14.000000      5.000000     0.000000 
     121     15.000000      5.000000     0.000000 
     122     16.000000      5.000000     0.000000 
     123     17.000000      5.000000     0.000000 
     124     18.000000      5.000000     0.000000 
     125     19.000000      5.000000     0.000000 
     126     20.000000      5.000000     0.000000 
     127     0.000000      6.000000     0.000000 
     128     1.000000      6.000000     0.000000 
     129     2.000000      6.000000     0.000000 
     130     3.000000      6.000000     0.000000 
     131     4.000000      6.000000     0.000000 
     132     5.000000      6.000000     0.000000 
     133     6.000000      6.000000     0.000000 
     134     7.000000      6.000000     0.000000 
     135     8.000000      6.000000     0.000000 
     136     9.000000      6.000000     0.000000 
     137     10.000000      6.000000     0.000000 
     138     11.000000      6.000000     0.000000 
     139     12.000000      6.000000     0.000000 
     140     13.000000      6.000000     0.000000 
     141     14.000000      6.000000     0.000000 
     142     15.000000      6.000000     0.000000 
     143     16.000000      6.000000     0.000000 
     144     17.000000      6.000000     0.000000 
     145     18.000000      6.000000     0.000000 
     146     19.000000      6.000000     0.000000 
     147     20.000000      6.000000     0.000000 
     148     0.000000      7.000000     0.000000 
     149     1.000000      7.000000     0.000000 
     150     2.000000      7.000000     0.000000 
     151     3.000000      7.000000     0.000000 
     152     4.000000      7.000000     0.000000 
     153     5.000000      7.000000     0.000000 
     154     6.000000      7.000000     0.000000 
     155     7.000000      7.000000     0.000000 
     156     8.000000      7.000000     0.000000 
     157     9.000000      7.000000     0.000000 
     158     10.000000      7.000000     0.000000 
     159     11.000000      7.000000     0.000000 
     160     12.000000      7.000000     0.000000 
     161     13.000000      7.000000     0.000000 
     162     14.000000      7.000000     0.000000 
     163     15.000000      7.000000     0.000000 
     164     16.000000      7.000000     0.000000 
     165     17.000000      7.000000     0.000000 
     166     18.000000      7.000000     0.000000 
     167     19.000000      7.000000     0.000000 
     168     20.000000      7.000000     0.000000 
     169     0.000000      8.000000     0.000000 
     170     1.000000      8.000000     0.000000 
     171     2.000000      8.000000     0.000000 
     172     3.000000      8.000000     0.000000 
     173     4.000000      8.000000     0.000000 
     174     5.000000      8.000000     0.000000 
     175     6.000000      8.000000     0.000000 
     176     7.000000      8.000000     0.000000 
     177     8.000000      8.000000     0.000000 
     178     9.000000      8.000000     0.000000 
     179     10.000000      8.000000     0.000000 
     180     11.000000      8.000000     0.000000 
     181     12.000000      8.000000     0.000000 
     182     13.000000      8.000000     0.000000 
     183     14.000000      8.000000     0.000000 
     184     15.000000      8.000000     0.000000 
     185     16.000000      8.000000     0.000000 
     186     17.000000      8.000000     0.000000 
     187     18.000000      8.000000     0.000000 
     188     19.000000      8.000000     0.000000 
     189     20.000000      8.000000     0.000000 
     190     0.000000      9.000000     0.000000 
     191     1.000000      9.000000     0.000000 
     192     2.000000      9.000000     0.000000 
     193     3.000000      9.000000     0.000000 
     194     4.000000      9.000000     0.000000 
     195     5.000000      9.000000     0.000000 
     196     6.000000      9.000000     0.000000 
     197     7.000000      9.000000     0.000000 
     198     8.000000      9.000000     0.000000 
     199     9.000000      9.000000     0.000000 
     200     10.000000      9.000000     0.000000 
     201     11.000000      9.000000     0.000000 
     202     12.000000      9.000000     0.000000 
     203     13.000000      9.000000     0.000000 
     204     14.000000      9.000000     0.000000 
     205     15.000000      9.000000     0.000000 
     206     16.000000      9.000000     0.000000 
     207     17.000000      9.000000     0.000000 
     208     18.000000      9.000000     0.000000 
     209     19.000000      9.000000     0.000000 
     210     20.000000      9.000000     0.000000 
     211     0.000000      10.000000     0.000000 
     212     1.000000      10.000000     0.000000 
     213     2.000000      10.000000     0.000000 
     214     3.000000      10.000000     0.000000 
     215     4.000000      10.000000     0.000000 
     216     5.000000      10.000000     0.000000 
     217     6.000000      10.000000     0.000000 
     218     7.000000      10.000000     0.000000 
     219     8.000000      10.000000     0.000000 
     220     9.000000      10.000000     0.000000 
     221     10.000000      10.000000     0.000000 
     222     11.000000      10.000000     0.000000 
     223     12.000000      10.000000     0.000000 
     224     13.000000      10.000000     0.000000 
     225     14.000000      10.000000     0.000000 
     226     15.000000      10.000000     0.000000 
     227     16.000000      10.000000     0.000000 
     228     17.000000      10.000000     0.000000 
     229     18.000000      10.000000     0.000000 
     230     19.000000      10.000000     0.000000 
     231     20.000000      10.000000     0.000000 
     232     0.000000      11.000000     0.000000 
     233     1.000000      11.000000     0.000000 
     234     2.000000      11.000000     0.000000 
     235     3.000000      11.000000     0.000000 
     236     4.000000      11.000000     0.000000 
     237     5.000000      11.000000     0.000000 
     238     6.000000      11.000000     0.000000 
     239     7.000000      11.000000     0.000000 
     240     8.000000      11.000000     0.000000 
     241     9.000000      11.000000     0.000000 
     242     10.000000      11.000000     0.000000 
     243     11.000000      11.000000     0.000000 
     244     12.000000      11.000000     0.000000 
     245     13.000000      11.000000     0.000000 
     246     14.000000      11.000000     0.000000 
     247     15.000000      11.000000     0.000000 
     248     16.000000      11.000000     0.000000 
     249     17.000000      11.000000     0.000000 
     250     18.000000      11.000000     0.000000 
     251     19.000000      11.000000     0.000000 
     252     20.000000      11.000000     0.000000 
     253     0.000000      12.000000     0.000000 
     254     1.000000      12.000000     0.000000 
     255     2.000000      12.000000     0.000000 
     256     3.000000      12.000000     0.000000 
     257     4.000000      12.000000     0.000000 
     258     5.000000      12.000000     0.000000 
     259     6.000000      12.000000     0.000000 
     260     7.000000      12.000000     0.000000 
     261     8.000000      12.000000     0.000000 
     262     9.000000      12.000000     0.000000 
     263     10.000000      12.000000     0.000000 
     264     11.000000      12.000000     0.000000 
     265     12.000000      12.000000     0.000000 
     266     13.000000      12.000000     0.000000 
     267     14.000000      12.000000     0.000000 
     268     15.000000      12.000000     0.000000 
     269     16.000000      12.000000     0.000000 
     270     17.000000      12.000000     0.000000 
     271     18.000000      12.000000     0.000000 
     272     19.000000      12.000000     0.000000 
     273     20.000000      12.000000     0.000000 
     274     0.000000      13.000000     0.000000 
     275     1.000000      13.000000     0.000000 
     276     2.000000      13.000000     0.000000 
     277     3.000000      13.000000     0.000000 
     278     4.000000      13.000000     0.000000 
     279     5.000000      13.000000     0.000000 
     280     6.000000      13.000000     0.000000 
     281     7.000000      13.000000     0.000000 
     282     8.000000      13.000000     0.000000 
     283     9.000000      13.000000     0.000000 
     284     10.000000      13.000000     0.000000 
     285     11.000000      13.000000     0.000000 
     286     12.000000      13.000000     0.000000 
     287     13.000000      13.000000     0.000000 
     288     14.000000      13.000000     0.000000 
     289     15.000000      13.000000     0.000000 
     290     16.000000      13.000000     0.000000 
     291     17.000000      13.000000     0.000000 
     292     18.000000      13.000000     0.000000 
     293     19.000000      13.000000     0.000000 
     294     20.000000      13.000000     0.000000 
     295     0.000000      14.000000     0.000000 
     296     1.000000      14.000000     0.000000 
     297     2.000000      14.000000     0.000000 
     298     3.000000      14.000000     0.000000 
     299     4.000000      14.000000     0.000000 
     300     5.000000      14.000000     0.000000 
     301     6.000000      14.000000     0.000000 
     302     7.000000      14.000000     0.000000 
     303     8.000000      14.000000     0.000000 
     304     9.000000      14.000000     0.000000 
     305     10.000000      14.000000     0.000000 
     306     11.000000      14.000000     0.000000 
     307     12.000000      14.000000     0.000000 
     308     13.000000      14.000000     0.000000 
     309     14.000000      14.000000     0.000000 
     310     15.000000      14.000000     0.000000 
     311     16.000000      14.000000     0.000000 
     312     17.000000      14.000000     0.000000 
     313     18.000000      14.000000     0.000000 
     314     19.000000      14.000000     0.000000 
     315     20.000000      14.000000     0.000000 
     316     0.000000      15.000000     0.000000 
     317     1.000000      15.000000     0.000000 
     318     2.000000      15.000000     0.000000 
     319     3.000000      15.000000     0.000000 
     320     4.000000      15.000000     0.000000 
     321     5.000000      15.000000     0.000000 
     322     6.000000      15.000000     0.000000 
     323     7.000000      15.000000     0.000000 
     324     8.000000      15.000000     0.000000 
     325     9.000000      15.000000     0.000000 
     326     10.000000      15.000000     0.000000 
     327     11.000000      15.000000     0.000000 
     328     12.000000      15.000000     0.000000 
     329     13.000000      15.000000     0.000000 
     330     14.000000      15.000000     0.000000 
     331     15.000000      15.000000     0.000000 
     332     16.000000      15.000000     0.000000 
     333     17.000000      15.000000     0.000000 
     334     18.000000      15.000000     0.000000 
     335     19.000000      15.000000     0.000000 
     336     20.000000      15.000000     0.000000 
     337     0.000000      16.000000     0.000000 
     338     1.000000      16.000000     0.000000 
     339     2.000000      16.000000     0.000000 
     340     3.000000      16.000000     0.000000 
     341     4.000000      16.000000     0.000000 
     342     5.000000      16.000000     0.000000 
     343     6.000000      16.000000     0.000000 
     344     7.000000      16.000000     0.000000 
     345     8.000000      16.000000     0.000000 
     346     9.000000      16.000000     0.000000 
     347     10.000000      16.000000     0.000000 
     348     11.000000      16.000000     0.000000 
     349     12.000000      16.000000     0.000000 
     350     13.000000      16.000000     0.000000 
     351     14.000000      16.000000     0.000000 
     352     15.000000      16.000000     0.000000 
     353     16.000000      16.000000     0.000000 
     354     17.000000      16.000000     0.000000 
     355     18.000000      16.000000     0.000000 
     356     19.000000      16.000000     0.000000 
     357     20.000000      16.000000     0.000000 
     358     0.000000      17.000000     0.000000 
     359     1.000000      17.000000     0.000000 
     360     2.000000      17.000000     0.000000 
     361     3.000000      17.000000     0.000000 
     362     4.000000      17.000000     0.000000 
     363     5.000000      17.000000     0.000000 
     364     6.000000      17.000000     0.000000 
     365     7.000000      17.000000     0.000000 
     366     8.000000      17.000000     0.000000 
     367     9.000000      17.000000     0.000000 
     368     10.000000      17.000000     0.000000 
     369     11.000000      17.000000     0.000000 
     370     12.000000      17.000000     0.000000 
     371     13.000000      17.000000     0.000000 
     372     14.000000      17.000000     0.000000 
     373     15.000000      17.000000     0.000000 
     374     16.000000      17.000000     0.000000 
     375     17.000000      17.000000     0.000000 
     376     18.000000      17.000000     0.000000 
     377     19.000000      17.000000     0.000000 
     378     20.000000      17.000000     0.000000 
     379     0.000000      18.000000     0.000000 
     380     1.000000      18.000000     0.000000 
     381     2.000000      18.000000     0.000000 
     382     3.000000      18.000000     0.000000 
     383     4.000000      18.000000     0.000000 
     384     5.000000      18.000000     0.000000 
     385     6.000000      18.000000     0.000000 
     386     7.000000      18.000000     0.000000 
     387     8.000000      18.000000     0.000000 
     388     9.000000      18.000000     0.000000 
     389     10.000000      18.000000     0.000000 
     390     11.000000      18.000000     0.000000 
     391     12.000000      18.000000     0.000000 
     392     13.000000      18.000000     0.000000 
     393     14.000000      18.000000     0.000000 
     394     15.000000      18.000000     0.000000 
     395     16.000000      18.000000     0.000000 
     396     17.000000      18.000000     0.000000 
     397     18.000000      18.000000     0.000000 
     398     19.000000      18.000000     0.000000 
     399     20.000000      18.000000     0.000000 
     400     0.000000      19.000000     0.000000 
     401     1.000000      19.000000     0.000000 
     402     2.000000      19.000000     0.000000 
     403     3.000000      19.000000     0.000000 
     404     4.000000      19.000000     0.000000 
     405     5.000000      19.000000     0.000000 
     406     6.000000      19.000000     0.000000 
     407     7.000000      19.000000     0.000000 
     408     8.000000      19.000000     0.000000 
     409     9.000000      19.000000     0.000000 
     410     10.000000      19.000000     0.000000 
     411     11.000000      19.000000     0.000000 
     412     12.000000      19.000000     0.000000 
     413     13.000000      19.000000     0.000000 
     414     14.000000      19.000000     0.000000 
     415     15.000000      19.000000     0.000000 
     416     16.000000      19.000000     0.000000 
     417     17.000000      19.000000     0.000000 
     418     18.000000      19.000000     0.000000 
     419     19.000000      19.000000     0.000000 
     420     20.000000      19.000000     0.000000 
     421     0.000000      20.000000     0.000000 
     422     1.000000      20.000000     0.000000 
     423     2.000000      20.000000     0.000000 
     424     3.000000      20.000000     0.000000 
     425     4.000000      20.000000     0.000000 
     426     5.000000      20.000000     0.000000 
     427     6.000000      20.000000     0.000000 
     428     7.000000      20.000000     0.000000 
     429     8.000000      20.000000     0.000000 
     430     9.000000      20.000000     0.000000 
     431     10.000000      20.000000     0.000000 
     432     11.000000      20.000000     0.000000 
     433     12.000000      20.000000     0.000000 
     434     13.000000      20.000000     0.000000 
     435     14.000000      20.000000     0.000000 
     436     15.000000      20.000000     0.000000 
     437     16.000000      20.000000     0.000000 
     438     17.000000      20.000000     0.000000 
     439     18.000000      20.000000     0.000000 
     440     19.000000      20.000000     0.000000 
     441     20.000000      20.000000     0.000000 
     800 
     1     1      2     22 
     2     2      23     22 
     3     2      3     23 
     4     3      24     23 
     5     3      4     24 
     6     4      25     24 
     7     4      5     25 
     8     5      26     25 
     9     5      6     26 
     10     6      27     26 
     11     6      7     27 
     12     7      28     27 
     13     7      8     28 
     14     8      29     28 
     15     8      9     29 
     16     9      30     29 
     17     9      10     30 
     18     10      31     30 
     19     10      11     31 
     20     11      32     31 
     21     11      12     32 
     22     12      33     32 
     23     12      13     33 
     24     13      34     33 
     25     13      14     34 
     26     14      35     34 
     27     14      15     35 
     28     15      36     35 
     29     15      16     36 
     30     16      37     36 
     31     16      17     37 
     32     17      38     37 
     33     17      18     38 
     34     18      39     38 
     35     18      19     39 
     36     19      40     39 
     37     19      20     40 
     38     20      41     40 
     39     20      21     41 
     40     21      42     41 
     41     22      23     43 
     42     23      44     43 
     43     23      24     44 
     44     24      45     44 
     45     24      25     45 
     46     25      46     45 
     47     25      26     46 
     48     26      47     46 
     49     26      27     47 
     50     27      48     47 
     51     27      28     48 
     52     28      49     48 
     53     28      29     49 
     54     29      50     49 
     55     29      30     50 
     56     30      51     50 
     57     30      31     51 
     58     31      52     51 
     59     31      32     52 
     60     32      53     52 
     61     32      33     53 
     62     33      54     53 
     63     33      34     54 
     64     34      55     54 
     65     34      35     55 
     66     35      56     55 
     67     35      36     56 
     68     36      57     56 
     69     36      37     57 
     70     37      58     57 
     71     37      38     58 
     72     38      59     58 
     73     38      39     59 
     74     39      60     59 
     75     39      40     60 
     76     40      61     60 
     77     40      41     61 
     78     41      62     61 
     79     41      42     62 
     80     42      63     62 
     81     43      44     64 
     82     44      65     64 
     83     44      45     65 
     84     45      66     65 
     85     45      46     66 
     86     46      67     66 
     87     46      47     67 
     88     47      68     67 
     89     47      48     68 
     90     48      69     68 
     91     48      49     69 
     92     49      70     69 
     93     49      50     70 
     94     50      71     70 
     95     50      51     71 
     96     51      72     71 
     97     51      52     72 
     98     52      73     72 
     99     52      53     73 
     100     53      74     73 
     101     53      54     74 
     102     54      75     74 
     103     54      55     75 
     104     55      76     75 
     105     55      56     76 
     106     56      77     76 
     107     56      57     77 
     108     57      78     77 
     109     57      58     78 
     110     58      79     78 
     111     58      59     79 
     112     59      80     79 
     113     59      60     80 
     114     60      81     80 
     115     60      61     81 
     116     61      82     81 
     117     61      62     82 
     118     62      83     82 
     119     62      63     83 
     120     63      84     83 
     121     64      65     85 
     122     65      86     85 
     123     65      66     86 
     124     66      87     86 
     125     66      67     87 
     126     67      88     87 
     127     67      68     88 
     128     68      89     88 
     129     68      69     89 
     130     69      90     89 
     131     69      70     90 
     132     70      91     90 
     133     70      71     91 
     134     71      92     91 
     135     71      72     92 
     136     72      93     92 
     137     72      73     93 
     138     73      94     93 
     139     73      74     94 
     140     74      95     94 
     141     74      75     95 
     142     75      96     95 
     143     75      76     96 
     144     76      97     96 
     145     76      77     97 
     146     77      98     97 
     147     77      78     98 
     148     78      99     98 
     149     78      79     99 
     150     79      100     99 
     151     79      80     100 
     152     80      101     100 
     153     80      81     101 
     154     81      102     101 
     155     81      82     102 
     156     82      103     102 
     157     82      83     103 
     158     83      104     103 
     159     83      84     104 
     160     84      105     104 
     161     85      86     106 
     162     86      107     106 
     163     86      87     107 
     164     87      108     107 
     165     87      88     108 
     166     88      109     108 
     167     88      89     109 
     168     89      110     109 
     169     89      90     110 
     170     90      111     110 
     171     90      91     111 
     172     91      112     111 
     173     91      92     112 
     174     92      113     112 
     175     92      93     113 
     176     93      114     113 
     177     93      94     114 
     178     94      115     114 
     179     94      95     115 
     180     95      116     115 
     181     95      96     116 
     182     96      117     116 
     183     96      97     117 
     184     97      118     117 
     185     97      98     118 
     186     98      119     118 
     187     98      99     119 
     188     99      120     119 
     189     99      100     120 
     190     100      121     120 
     191     100      101     121 
     192     101      122     121 
     193     101      102     122 
     194     102      123     122 
     195     102      103     123 
     196     103      124     123 
     197     103      104     124 
     198     104      125     124 
     199     104      105     125 
     200     105      126     125 
     201     106      107     127 
     202     107      128     127 
     203     107      108     128 
     204     108      129     128 
     205     108      109     129 
     206     109      130     129 
     207     109      110     130 
     208     110      131     130 
     209     110      111     131 
     210     111      132     131 
     211     111      112     132 
     212     112      133     132 
     213     112      113     133 
     214     113      134     133 
     215     113      114     134 
     216     114      135     134 
     217     114      115     135 
     218     115      136     135 
     219     115      116     136 
     220     116      137     136 
     221     116      117     137 
     222     117      138     137 
     223     117      118     138 
     224     118      139     138 
     225     118      119     139 
     226     119      140     139 
     227     119      120     140 
     228     120      141     140 
     229     120      121     141 
     230     121      142     141 
     231     121      122     142 
     232     122      143     142 
     233     122      123     143 
     234     123      144     143 
     235     123      124     144 
     236     124      145     144 
     237     124      125     145 
     238     125      146     145 
     239     125      126     146 
     240     126      147     146 
     241     127      128     148 
     242     128      149     148 
     243     128      129     149 
     244     129      150     149 
     245     129      130     150 
     246     130      151     150 
     247     130      131     151 
     248     131      152     151 
     249     131      132     152 
     250     132      153     152 
     251     132      133     153 
     252     133      154     153 
     253     133      134     154 
     254     134      155     154 
     255     134      135     155 
     256     135      156     155 
     257     135      136     156 
     258     136      157     156 
     259     136      137     157 
     260     137      158     157 
     261     137      138     158 
     262     138      159     158 
     263     138      139     159 
     264     139      160     159 
     265     139      140     160 
     266     140      161     160 
     267     140      141     161 
     268     141      162     161 
     269     141      142     162 
     270     142      163     162 
     271     142      143     163 
     272     143      164     163 
     273     143      144     164 
     274     144      165     164 
     275     144      145     165 
     276     145      166     165 
     277     145      146     166 
     278     146      167     166 
     279     146      147     167 
     280     147      168     167 
     281     148      149     169 
     282     149      170     169 
     283     149      150     170 
     284     150      171     170 
     285     150      151     171 
     286     151      172     171 
     287     151      152     172 
     288     152      173     172 
     289     152      153     173 
     290     153      174     173 
     291     153      154     174 
     292     154      175     174 
     293     154      155     175 
     294     155      176     175 
     295     155      156     176 
     296     156      177     176 
     297     156      157     177 
     298     157      178     177 
     299     157      158     178 
     300     158      179     178 
     301     158      159     179 
     302     159      180     179 
     303     159      160     180 
     304     160      181     180 
     305     160      161     181 
     306     161      182     181 
     307     161      162     182 
     308     162      183     182 
     309     162      163     183 
     310     163      184     183 
     311     163      164     184 
     312     164      185     184 
     313     164      165     185 
     314     165      186     185 
     315     165      166     186 
     316     166      187     186 
     317     166      167     187 
     318     167      188     187 
     319     167      168     188 
     320     168      189     188 
     321     169      170     190 
     322     170      191     190 
     323     170      171     191 
     324     171      192     191 
     325     171      172     192 
     326     172      193     192 
     327     172      173     193 
     328     173      194     193 
     329     173      174     194 
     330     174      195     194 
     331     174      175     195 
     332     175      196     195 
     333     175      176     196 
     334     176      197     196 
     335     176      177     197 
     336     177      198     197 
     337     177      178     198 
     338     178      199     198 
     339     178      179     199 
     340     179      200     199 
     341     179      180     200 
     342     180      201     200 
     343     180      181     201 
     344     181      202     201 
     345     181      182     202 
     346     182      203     202 
     347     182      183     203 
     348     183      204     203 
     349     183      184     204 
     350     184      205     204 
     351     184      185     205 
     352     185      206     205 
     353     185      186     206 
     354     186      207     206 
     355     186      187     207 
     356     187      208     207 
     357     187      188     208 
     358     188      209     208 
     359     188      189     209 
     360     189      210     209 
     361     190      191     211 
     362     191      212     211 
     363     191      192     212 
     364     192      213     212 
     365     192      193     213 
     366     193      214     213 
     367     193      194     214 
     368     194      215     214 
     369     194      195     215 
     370     195      216     215 
     371     195      196     216 
     372     196      217     216 
     373     196      197     217 
     374     197      218     217 
     375     197      198     218 
     376     198      219     218 
     377     198      199     219 
     378     199      220     219 
     379     199      200     220 
     380     200      221     220 
     381     200      201     221 
     382     201      222     221 
     383     201      202     222 
     384     202      223     222 
     385     202      203     223 
     386     203      224     223 
     387     203      204     224 
     388     204      225     224 
     389     204      205     225 
     390     205      226     225 
     391     205      206     226 
     392     206      227     226 
     393     206      207     227 
     394     207      228     227 
     395     207      208     228 
     396     208      229     228 
     397     208      209     229 
     398     209      230     229 
     399     209      210     230 
     400     210      231     230 
     401     211      212     232 
     402     212      233     232 
     403     212      213     233 
     404     213      234     233 
     405     213      214     234 
     406     214      235     234 
     407     214      215     235 
     408     215      236     235 
     409     215      216     236 
     410     216      237     236 
     411     216      217     237 
     412     217      238     237 
     413     217      218     238 
     414     218      239     238 
     415     218      219     239 
     416     219      240     239 
     417     219      220     240 
     418     220      241     240 
     419     220      221     241 
     420     221      242     241 
     421     221      222     242 
     422     222      243     242 
     423     222      223     243 
     424     223      244     243 
     425     223      224     244 
     426     224      245     244 
     427     224      225     245 
     428     225      246     245 
     429     225      226     246 
     430     226      247     246 
     431     226      227     247 
     432     227      248     247 
     433     227      228     248 
     434     228      249     248 
     435     228      229     249 
     436     229      250     249 
     437     229      230     250 
     438     230      251     250 
     439     230      231     251 
     440     231      252     251 
     441     232      233     253 
     442     233      254     253 
     443     233      234     254 
     444     234      255     254 
     445     234      235     255 
     446     235      256     255 
     447     235      236     256 
     448     236      257     256 
     449     236      237     257 
     450     237      258     257 
     451     237      238     258 
     452     238      259     258 
     453     238      239     259 
     454     239      260     259 
     455     239      240     260 
     456     240      261     260 
     457     240      241     261 
     458     241      262     261 
     459     241      242     262 
     460     242      263     262 
     461     242      243     263 
     462     243      264     263 
     463     243      244     264 
     464     244      265     264 
     465     244      245     265 
     466     245      266     265 
     467     245      246     266 
     468     246      267     266 
     469     246      247     267 
     470     247      268     267 
     471     247      248     268 
     472     248      269     268 
     473     248      249     269 
     474     249      270     269 
     475     249      250     270 
     476     250      271     270 
     477     250      251     271 
     478     251      272     271 
     479     251      252     272 
     480     252      273     272 
     481     253      254     274 
     482     254      275     274 
     483     254      255     275 
     484     255      276     275 
     485     255      256     276 
     486     256      277     276 
     487     256      257     277 
     488     257      278     277 
     489     257      258     278 
     490     258      279     278 
     491     258      259     279 
     492     259      280     279 
     493     259      260     280 
     494     260      281     280 
     495     260      261     281 
     496     261      282     281 
     497     261      262     282 
     498     262      283     282 
     499     262      263     283 
     500     263      284     283 
     501     263      264     284 
     502     264      285     284 
     503     264      265     285 
     504     265      286     285 
     505     265      266     286 
     506     266      287     286 
     507     266      267     287 
     508     267      288     287 
     509     267      268     288 
     510     268      289     288 
     511     268      269     289 
     512     269      290     289 
     513     269      270     290 
     514     270      291     290 
     515     270      271     291 
     516     271      292     291 
     517     271      272     292 
     518     272      293     292 
     519     272      273     293 
     520     273      294     293 
     521     274      275     295 
     522     275      296     295 
     523     275      276     296 
     524     276      297     296 
     525     276      277     297 
     526     277      298     297 
     527     277      278     298 
     528     278      299     298 
     529     278      279     299 
     530     279      300     299 
     531     279      280     300 
     532     280      301     300 
     533     280      281     301 
     534     281      302     301 
     535     281      282     302 
     536     282      303     302 
     537     282      283     303 
     538     283      304     303 
     539     283      284     304 
     540     284      305     304 
     541     284      285     305 
     542     285      306     305 
     543     285      286     306 
     544     286      307     306 
     545     286      287     307 
     546     287      308     307 
     547     287      288     308 
     548     288      309     308 
     549     288      289     309 
     550     289      310     309 
     551     289      290     310 
     552     290      311     310 
     553     290      291     311 
     554     291      312     311 
     555     291      292     312 
     556     292      313     312 
     557     292      293     313 
     558     293      314     313 
     559     293      294     314 
     560     294      315     314 
     561     295      296     316 
     562     296      317     316 
     563     296      297     317 
     564     297      318     317 
     565     297      298     318 
     566     298      319     318 
     567     298      299     319 
     568     299      320     319 
     569     299      300     320 
     570     300      321     320 
     571     300      301     321 
     572     301      322     321 
     573     301      302     322 
     574     302      323     322 
     575     302      303     323 
     576     303      324     323 
     577     303      304     324 
     578     304      325     324 
     579     304      305     325 
     580     305      326     325 
     581     305      306     326 
     582     306      327     326 
     583     306      307     327 
     584     307      328     327 
     585     307      308     328 
     586     308      329     328 
     587     308      309     329 
     588     309      330     329 
     589     309      310     330 
     590     310      331     330 
     591     310      311     331 
     592     311      332     331 
     593     311      312     332 
     594     312      333     332 
     595     312      313     333 
     596     313      334     333 
     597     313      314     334 
     598     314      335     334 
     599     314      315     335 
     600     315      336     335 
     601     316      317     337 
     602     317      338     337 
     603     317      318     338 
     604     318      339     338 
     605     318      319     339 
     606     319      340     339 
     607     319      320     340 
     608     320      341     340 
     609     320      321     341 
     610     321      342     341 
     611     321      322     342 
     612     322      343     342 
     613     322      323     343 
     614     323      344     343 
     615     323      324     344 
     616     324      345     344 
     617     324      325     345 
     618     325      346     345 
     619     325      326     346 
     620     326      347     346 
     621     326      327     347 
     622     327      348     347 
     623     327      328     348 
     624     328      349     348 
     625     328      329     349 
     626     329      350     349 
     627     329      330     350 
     628     330      351     350 
     629     330      331     351 
     630     331      352     351 
     631     331      332     352 
     632     332      353     352 
     633     332      333     353 
     634     333      354     353 
     635     333      334     354 
     636     334      355     354 
     637     334      335     355 
     638     335      356     355 
     639     335      336     356 
     640     336      357     356 
     641     337      338     358 
     642     338      359     358 
     643     338      339     359 
     644     339      360     359 
     645     339      340     360 
     646     340      361     360 
     647     340      341     361 
     648     341      362     361 
     649     341      342     362 
     650     342      363     362 
     651     342      343     363 
     652     343      364     363 
     653     343      344     364 
     654     344      365     364 
     655     344      345     365 
     656     345      366     365 
     657     345      346     366 
     658     346      367     366 
     659     346      347     367 
     660     347      368     367 
     661     347      348     368 
     662     348      369     368 
     663     348      349     369 
     664     349      370     369 
     665     349      350     370 
     666     350      371     370 
     667     350      351     371 
     668     351      372     371 
     669     351      352     372 
     670     352      373     372 
     671     352      353     373 
     672     353      374     373 
     673     353      354     374 
     674     354      375     374 
     675     354      355     375 
     676     355      376     375 
     677     355      356     376 
     678     356      377     376 
     679     356      357     377 
     680     357      378     377 
     681     358      359     379 
     682     359      380     379 
     683     359      360     380 
     684     360      381     380 
     685     360      361     381 
     686     361      382     381 
     687     361      362     382 
     688     362      383     382 
     689     362      363     383 
     690     363      384     383 
     691     363      364     384 
     692     364      385     384 
     693     364      365     385 
     694     365      386     385 
     695     365      366     386 
     696     366      387     386 
     697     366      367     387 
     698     367      388     387 
     699     367      368     388 
     700     368      389     388 
     701     368      369     389 
     702     369      390     389 
     703     369      370     390 
     704     370      391     390 
     705     370      371     391 
     706     371      392     391 
     707     371      372     392 
     708     372      393     392 
     709     372      373     393 
     710     373      394     393 
     711     373      374     394 
     712     374      395     394 
     713     374      375     395 
     714     375      396     395 
     715     375      376     396 
     716     376      397     396 
     717     376      377     397 
     718     377      398     397 
     719     377      378     398 
     720     378      399     398 
     721     379      380     400 
     722     380      401     400 
     723     380      381     401 
     724     381      402     401 
     725     381      382     402 
     726     382      403     402 
     727     382      383     403 
     728     383      404     403 
     729     383      384     404 
     730     384      405     404 
     731     384      385     405 
     732     385      406     405 
     733     385      386     406 
     734     386      407     406 
     735     386      387     407 
     736     387      408     407 
     737     387      388     408 
     738     388      409     408 
     739     388      389     409 
     740     389      410     409 
     741     389      390     410 
     742     390      411     410 
     743     390      391     411 
     744     391      412     411 
     745     391      392     412 
     746     392      413     412 
     747     392      393     413 
     748     393      414     413 
     749     393      394     414 
     750     394      415     414 
     751     394      395     415 
     752     395      416     415 
     753     395      396     416 
     754     396      417     416 
     755     396      397     417 
     756     397      418     417 
     757     397      398     418 
     758     398      419     418 
     759     398      399     419 
     760     399      420     419 
     761     400      401     421 
     762     401      422     421 
     763     401      402     422 
     764     402      423     422 
     765     402      403     423 
     766     403      424     423 
     767     403      404     424 
     768     404      425     424 
     769     404      405     425 
     770     405      426     425 
     771     405      406     426 
     772     406      427     426 
     773     406      407     427 
     774     407      428     427 
     775     407      408     428 
     776     408      429     428 
     777     408      409     429 
     778     409      430     429 
     779     409      410     430 
     780     410      431     430 
     781     410      411     431 
     782     411      432     431 
     783     411      412     432 
     784     412      433     432 
     785     412      413     433 
     786     413      434     433 
     787     413      414     434 
     788     414      435     434 
     789     414      415     435 
     790     415      436     435 
     791     415      416     436 
     792     416      437     436 
     793     416      417     437 
     794     417      438     437 
     795     417      418     438 
     796     418      439     438 
     797     418      419     439 
     798     419      440     439 
     799     419      420     440 
     800     420      441     440 
