$Numeros de Nodos
     55
$Lista de Nodos y sus coordenadas
1	3		0		0
2	0		0		0
3	3		1		0
4	0		1		0
5	2.54018688	0		0
6	2.11853647	0		0
7	1.73188126	0		0
8	1.37731683	0		0
9	1.05217981	0		0
10	0.754027963	0		0
11	0.480621427	0		0
12	0.229906559	0		0
13	3		0.800000012	0
14	3		0.600000024	0
15	3		0.400000006	0
16	3		0.200000003	0
17	0.229906559	1		0
18	0.480621427	1		0
19	0.754027963	1		0
20	1.05217981	1		0
21	1.37731683	1		0
22	1.73188126	1		0
23	2.11853647	1		0
24	2.54018688	1		0
25	0		0.200000003	0
26	0		0.400000006	0
27	0		0.600000024	0
28	0		0.800000012	0
29	2.76313949	0.439428508	0
30	0.248752654	0.786942542	0
31	0.242866099	0.392514348	0
32	0.249423385	0.587940097	0
33	2.73845124	0.618144214	0
34	0.802904069	0.750722229	0
35	0.736067414	0.182318985	0
36	0.990259647	0.222193331	0
37	1.10305882	0.756302118	0
38	1.29345655	0.25894171	0
39	1.41469622	0.752094805	0
40	0.485855967	0.376985848	0
41	0.514665544	0.769890308	0
42	0.48129192	0.18368113	0
43	0.839071691	0.485666096	0
44	1.16362417	0.509814501	0
45	2.47914314	0.635854363	0
46	1.65896881	0.352819592	0
47	2.58130932	0.292730451	0
48	1.73825765	0.69326055	0
49	0.515668154	0.56393677	0
50	2.11454988	0.320187837	0
51	2.11638975	0.655243516	0
52	2.75783134	0.795476079	0
53	0.236296341	0.194100291	0
54	1.4059608	0.552902281	0
55	0.697771251	0.344006389	0

$Numero de elementos (conectividades) y tipo de elemento, 1=Lineal, 2=Cuadratico, 6=Isoparametrico Quad
40    6
$Conectividades por elemento  Elemento/Nodos a b c /Tipo de Material
1	12	11	42	53	1
2	38	8	7	46	1
3	16	47	5	1	1
4	24	23	51	45	1
5	50	47	45	51	1
6	46	7	6	50	1
7	38	36	9	8	1
8	54	44	38	46	1
9	40	49	32	31	1
10	42	40	31	53	1
11	33	14	13	52	1
12	16	15	29	47	1
13	15	14	33	29	1
14	17	4	28	30	1
15	41	34	19	18	1
16	19	34	37	20	1
17	37	39	21	20	1
18	21	39	48	22	1
19	51	48	46	50	1
20	2	12	53	25	1
21	32	27	26	31	1
22	30	28	27	32	1
23	52	13	3	24	1
24	40	42	35	55	1
25	17	30	41	18	1
26	31	26	25	53	1
27	55	43	49	40	1
28	24	45	33	52	1
29	36	35	10	9	1
30	11	10	35	42	1
31	44	43	36	38	1
32	37	34	43	44	1
33	54	46	48	39	1
34	37	44	54	39	1
35	34	41	49	43	1
36	49	41	30	32	1
37	35	36	43	55	1
38	5	47	50	6	1
39	23	22	48	51	1
40	47	29	33	45	1
$Cantidad de MAteriales / Cantidad de variables de concuctancia Kx-Ky
     1     2
$Tipo de Material / Kx  /   ky
     1              1       1
$Cantidad de Nodos con Condicion Dirchlet
    0
$LISTA DE CARGAS NODALES  
     0
$Numero de Nodos Frontera
28 
$Matriz de Nodos Frontera (Coordenadas)
1	3		0		0
2	0		0		0
3	3		1		0
4	0		1		0
5	2.54018688	0		0
6	2.11853647	0		0
7	1.73188126	0		0
8	1.37731683	0		0
9	1.05217981	0		0
10	0.754027963	0		0
11	0.480621427	0		0
12	0.229906559	0		0
13	3		0.800000012	0
14	3		0.600000024	0
15	3		0.400000006	0
16	3		0.200000003	0
17	0.229906559	1		0
18	0.480621427	1		0
19	0.754027963	1		0
20	1.05217981	1		0
21	1.37731683	1		0
22	1.73188126	1		0
23	2.11853647	1		0
24	2.54018688	1		0
25	0		0.200000003	0
26	0		0.400000006	0
27	0		0.600000024	0
28	0		0.800000012	0
$Elementos Forntera   
 28
$Matriz de Elementos Frontera (Conectividades)
$Elemento/ Nodo a b/ Tipo de CB   0=CB.Dirichlet  1=CB.Robin  2=CB.Neumann
1	2	12	0
2	12	11	0
3	11	10	0
4	10	9	0
5	9	8	0
6	8	7	0
7	7	6	0
8	6	5	0
9	5	1	0
10	1	16	2
11	16	15	2
12	15	14	2
13	14	13	2
14	13	3	2
15	4	17	0
16	17	18	0
17	18	19	0
18	19	20	0
19	20	21	0
20	21	22	0
21	22	23	0
22	23	24	0
23	24	3	0
24	2	25	2
25	25	26	2
26	26	27	2
27	27	28	2
28	28	4	2
$ h para la CB.Robin
    0
$ Temperatura de referencia CB.Robin
    0
$Cantidad de Nodos con CB.Neumann
   12
$Elemento/Nodos con CB de Neumann/ Valor en el Nodo
10	1	-10
10	16	-10
11	15	-10
12	14	-10
13	13	-10
14	3	-10
24	2	10
24	25	10
25	26	10
26	27	10
27	28	10
28	4	10
