  33
   1  0.0000000e+000  0.0000000e+000  0.0000000e+000
   2  0.0000000e+000  3.0000000e+000  0.0000000e+000
   3  0.0000000e+000  6.0000000e+000  0.0000000e+000
   4  3.0000000e+000  0.0000000e+000  0.0000000e+000
   5  3.0000000e+000  3.0000000e+000  0.0000000e+000
   6  3.0000000e+000  6.0000000e+000  0.0000000e+000
   7  6.0000000e+000  0.0000000e+000  0.0000000e+000
   8  6.0000000e+000  3.0000000e+000  0.0000000e+000
   9  6.0000000e+000  6.0000000e+000  0.0000000e+000
  10  9.0000000e+000  0.0000000e+000  0.0000000e+000
  11  9.0000000e+000  3.0000000e+000  0.0000000e+000
  12  9.0000000e+000  6.0000000e+000  0.0000000e+000
  13  1.2000000e+001  0.0000000e+000  0.0000000e+000
  14  1.2000000e+001  3.0000000e+000  0.0000000e+000
  15  1.2000000e+001  6.0000000e+000  0.0000000e+000
  16  1.5000000e+001  0.0000000e+000  0.0000000e+000
  17  1.5000000e+001  3.0000000e+000  0.0000000e+000
  18  1.5000000e+001  6.0000000e+000  0.0000000e+000
  19  1.8000000e+001  0.0000000e+000  0.0000000e+000
  20  1.8000000e+001  3.0000000e+000  0.0000000e+000
  21  1.8000000e+001  6.0000000e+000  0.0000000e+000
  22  2.1000000e+001  0.0000000e+000  0.0000000e+000
  23  2.1000000e+001  3.0000000e+000  0.0000000e+000
  24  2.1000000e+001  6.0000000e+000  0.0000000e+000
  25  2.4000000e+001  0.0000000e+000  0.0000000e+000
  26  2.4000000e+001  3.0000000e+000  0.0000000e+000
  27  2.4000000e+001  6.0000000e+000  0.0000000e+000
  28  2.7000000e+001  0.0000000e+000  0.0000000e+000
  29  2.7000000e+001  3.0000000e+000  0.0000000e+000
  30  2.7000000e+001  6.0000000e+000  0.0000000e+000
  31  3.0000000e+001  0.0000000e+000  0.0000000e+000
  32  3.0000000e+001  3.0000000e+000  0.0000000e+000
  33  3.0000000e+001  6.0000000e+000  0.0000000e+000

  40   1
   1   1   4   5
   2   1   5   2
   3   2   5   6
   4   2   6   3
   5   4   7   8
   6   4   8   5
   7   5   8   9
   8   5   9   6
   9   7  10  11
  10   7  11   8
  11   8  11  12
  12   8  12   9
  13  10  13  14
  14  10  14  11
  15  11  14  15
  16  11  15  12
  17  13  16  17
  18  13  17  14
  19  14  17  18
  20  14  18  15
  21  16  19  20
  22  16  20  17
  23  17  20  21
  24  17  21  18
  25  19  22  23
  26  19  23  20
  27  20  23  24
  28  20  24  21
  29  22  25  26
  30  22  26  23
  31  23  26  27
  32  23  27  24
  33  25  28  29
  34  25  29  26
  35  26  29  30
  36  26  30  27
  37  28  31  32
  38  28  32  29
  39  29  32  33
  40  29  33  30

  3 2
  1  1  10.
  2  1  10.
  3  1  10.

  3
  31 1  0.5
  32 1  1
  33 1  0.5
