     12 
     1     0.000000      0.000000     0.000000 
     2     1.000000      0.000000     0.000000 
     3     2.000000      0.000000     0.000000 
     4     3.000000      0.000000     0.000000 
     5     0.000000      0.500000     0.000000 
     6     1.000000      0.500000     0.000000 
     7     2.000000      0.500000     0.000000 
     8     3.000000      0.500000     0.000000 
     9     0.000000      1.000000     0.000000 
     10     1.000000      1.000000     0.000000 
     11     2.000000      1.000000     0.000000 
     12     3.000000      1.000000     0.000000 
     12    2
     1     1      2     5 
     2     2      6     5 
     3     2      3     6 
     4     3      7     6 
     5     3      4     7 
     6     4      8     7 
     7     5      6     9 
     8     6      10     9 
     9     6      7     10 
     10     7      11     10 
     11     7      8     11 
     12     8      12     11 
     3
     1	    2     0      0	
     5      2     0      0
     9      2     0      0
     3
     4       2    0   0.9583333333     
     8       2    0   2.416666666      
     12      2    0   0.9583333333     
     
