     24 
     1     0.000000      0.000000     0.000000 
     2     0.600000      0.000000     0.000000 
     3     1.200000      0.000000     0.000000 
     4     1.800000      0.000000     0.000000 
     5     2.400000      0.000000     0.000000 
     6     3.000000      0.000000     0.000000 
     7     0.000000      0.333333     0.000000 
     8     0.600000      0.333333     0.000000 
     9     1.200000      0.333333     0.000000 
     10     1.800000      0.333333     0.000000 
     11     2.400000      0.333333     0.000000 
     12     3.000000      0.333333     0.000000 
     13     0.000000      0.666667     0.000000 
     14     0.600000      0.666667     0.000000 
     15     1.200000      0.666667     0.000000 
     16     1.800000      0.666667     0.000000 
     17     2.400000      0.666667     0.000000 
     18     3.000000      0.666667     0.000000 
     19     0.000000      1.000000     0.000000 
     20     0.600000      1.000000     0.000000 
     21     1.200000      1.000000     0.000000 
     22     1.800000      1.000000     0.000000 
     23     2.400000      1.000000     0.000000 
     24     3.000000      1.000000     0.000000 
     30    1
     1     1      2     7 
     2     2      8     7 
     3     2      3     8 
     4     3      9     8 
     5     3      4     9 
     6     4      10     9 
     7     4      5     10 
     8     5      11     10 
     9     5      6     11 
     10     6      12     11 
     11     7      8     13 
     12     8      14     13 
     13     8      9     14 
     14     9      15     14 
     15     9      10     15 
     16     10      16     15 
     17     10      11     16 
     18     11      17     16 
     19     11      12     17 
     20     12      18     17 
     21     13      14     19 
     22     14      20     19 
     23     14      15     20 
     24     15      21     20 
     25     15      16     21 
     26     16      22     21 
     27     16      17     22 
     28     17      23     22 
     29     17      18     23 
     30     18      24     23 
     0
