     676 
     1     0.000000      0.000000     0.000000 
     2     0.800000      0.000000     0.000000 
     3     1.600000      0.000000     0.000000 
     4     2.400000      0.000000     0.000000 
     5     3.200000      0.000000     0.000000 
     6     4.000000      0.000000     0.000000 
     7     4.800000      0.000000     0.000000 
     8     5.600000      0.000000     0.000000 
     9     6.400000      0.000000     0.000000 
     10     7.200000      0.000000     0.000000 
     11     8.000000      0.000000     0.000000 
     12     8.800000      0.000000     0.000000 
     13     9.600000      0.000000     0.000000 
     14     10.400000      0.000000     0.000000 
     15     11.200000      0.000000     0.000000 
     16     12.000000      0.000000     0.000000 
     17     12.800000      0.000000     0.000000 
     18     13.600000      0.000000     0.000000 
     19     14.400000      0.000000     0.000000 
     20     15.200000      0.000000     0.000000 
     21     16.000000      0.000000     0.000000 
     22     16.800000      0.000000     0.000000 
     23     17.600000      0.000000     0.000000 
     24     18.400000      0.000000     0.000000 
     25     19.200000      0.000000     0.000000 
     26     20.000000      0.000000     0.000000 
     27     0.000000      0.800000     0.000000 
     28     0.800000      0.800000     0.000000 
     29     1.600000      0.800000     0.000000 
     30     2.400000      0.800000     0.000000 
     31     3.200000      0.800000     0.000000 
     32     4.000000      0.800000     0.000000 
     33     4.800000      0.800000     0.000000 
     34     5.600000      0.800000     0.000000 
     35     6.400000      0.800000     0.000000 
     36     7.200000      0.800000     0.000000 
     37     8.000000      0.800000     0.000000 
     38     8.800000      0.800000     0.000000 
     39     9.600000      0.800000     0.000000 
     40     10.400000      0.800000     0.000000 
     41     11.200000      0.800000     0.000000 
     42     12.000000      0.800000     0.000000 
     43     12.800000      0.800000     0.000000 
     44     13.600000      0.800000     0.000000 
     45     14.400000      0.800000     0.000000 
     46     15.200000      0.800000     0.000000 
     47     16.000000      0.800000     0.000000 
     48     16.800000      0.800000     0.000000 
     49     17.600000      0.800000     0.000000 
     50     18.400000      0.800000     0.000000 
     51     19.200000      0.800000     0.000000 
     52     20.000000      0.800000     0.000000 
     53     0.000000      1.600000     0.000000 
     54     0.800000      1.600000     0.000000 
     55     1.600000      1.600000     0.000000 
     56     2.400000      1.600000     0.000000 
     57     3.200000      1.600000     0.000000 
     58     4.000000      1.600000     0.000000 
     59     4.800000      1.600000     0.000000 
     60     5.600000      1.600000     0.000000 
     61     6.400000      1.600000     0.000000 
     62     7.200000      1.600000     0.000000 
     63     8.000000      1.600000     0.000000 
     64     8.800000      1.600000     0.000000 
     65     9.600000      1.600000     0.000000 
     66     10.400000      1.600000     0.000000 
     67     11.200000      1.600000     0.000000 
     68     12.000000      1.600000     0.000000 
     69     12.800000      1.600000     0.000000 
     70     13.600000      1.600000     0.000000 
     71     14.400000      1.600000     0.000000 
     72     15.200000      1.600000     0.000000 
     73     16.000000      1.600000     0.000000 
     74     16.800000      1.600000     0.000000 
     75     17.600000      1.600000     0.000000 
     76     18.400000      1.600000     0.000000 
     77     19.200000      1.600000     0.000000 
     78     20.000000      1.600000     0.000000 
     79     0.000000      2.400000     0.000000 
     80     0.800000      2.400000     0.000000 
     81     1.600000      2.400000     0.000000 
     82     2.400000      2.400000     0.000000 
     83     3.200000      2.400000     0.000000 
     84     4.000000      2.400000     0.000000 
     85     4.800000      2.400000     0.000000 
     86     5.600000      2.400000     0.000000 
     87     6.400000      2.400000     0.000000 
     88     7.200000      2.400000     0.000000 
     89     8.000000      2.400000     0.000000 
     90     8.800000      2.400000     0.000000 
     91     9.600000      2.400000     0.000000 
     92     10.400000      2.400000     0.000000 
     93     11.200000      2.400000     0.000000 
     94     12.000000      2.400000     0.000000 
     95     12.800000      2.400000     0.000000 
     96     13.600000      2.400000     0.000000 
     97     14.400000      2.400000     0.000000 
     98     15.200000      2.400000     0.000000 
     99     16.000000      2.400000     0.000000 
     100     16.800000      2.400000     0.000000 
     101     17.600000      2.400000     0.000000 
     102     18.400000      2.400000     0.000000 
     103     19.200000      2.400000     0.000000 
     104     20.000000      2.400000     0.000000 
     105     0.000000      3.200000     0.000000 
     106     0.800000      3.200000     0.000000 
     107     1.600000      3.200000     0.000000 
     108     2.400000      3.200000     0.000000 
     109     3.200000      3.200000     0.000000 
     110     4.000000      3.200000     0.000000 
     111     4.800000      3.200000     0.000000 
     112     5.600000      3.200000     0.000000 
     113     6.400000      3.200000     0.000000 
     114     7.200000      3.200000     0.000000 
     115     8.000000      3.200000     0.000000 
     116     8.800000      3.200000     0.000000 
     117     9.600000      3.200000     0.000000 
     118     10.400000      3.200000     0.000000 
     119     11.200000      3.200000     0.000000 
     120     12.000000      3.200000     0.000000 
     121     12.800000      3.200000     0.000000 
     122     13.600000      3.200000     0.000000 
     123     14.400000      3.200000     0.000000 
     124     15.200000      3.200000     0.000000 
     125     16.000000      3.200000     0.000000 
     126     16.800000      3.200000     0.000000 
     127     17.600000      3.200000     0.000000 
     128     18.400000      3.200000     0.000000 
     129     19.200000      3.200000     0.000000 
     130     20.000000      3.200000     0.000000 
     131     0.000000      4.000000     0.000000 
     132     0.800000      4.000000     0.000000 
     133     1.600000      4.000000     0.000000 
     134     2.400000      4.000000     0.000000 
     135     3.200000      4.000000     0.000000 
     136     4.000000      4.000000     0.000000 
     137     4.800000      4.000000     0.000000 
     138     5.600000      4.000000     0.000000 
     139     6.400000      4.000000     0.000000 
     140     7.200000      4.000000     0.000000 
     141     8.000000      4.000000     0.000000 
     142     8.800000      4.000000     0.000000 
     143     9.600000      4.000000     0.000000 
     144     10.400000      4.000000     0.000000 
     145     11.200000      4.000000     0.000000 
     146     12.000000      4.000000     0.000000 
     147     12.800000      4.000000     0.000000 
     148     13.600000      4.000000     0.000000 
     149     14.400000      4.000000     0.000000 
     150     15.200000      4.000000     0.000000 
     151     16.000000      4.000000     0.000000 
     152     16.800000      4.000000     0.000000 
     153     17.600000      4.000000     0.000000 
     154     18.400000      4.000000     0.000000 
     155     19.200000      4.000000     0.000000 
     156     20.000000      4.000000     0.000000 
     157     0.000000      4.800000     0.000000 
     158     0.800000      4.800000     0.000000 
     159     1.600000      4.800000     0.000000 
     160     2.400000      4.800000     0.000000 
     161     3.200000      4.800000     0.000000 
     162     4.000000      4.800000     0.000000 
     163     4.800000      4.800000     0.000000 
     164     5.600000      4.800000     0.000000 
     165     6.400000      4.800000     0.000000 
     166     7.200000      4.800000     0.000000 
     167     8.000000      4.800000     0.000000 
     168     8.800000      4.800000     0.000000 
     169     9.600000      4.800000     0.000000 
     170     10.400000      4.800000     0.000000 
     171     11.200000      4.800000     0.000000 
     172     12.000000      4.800000     0.000000 
     173     12.800000      4.800000     0.000000 
     174     13.600000      4.800000     0.000000 
     175     14.400000      4.800000     0.000000 
     176     15.200000      4.800000     0.000000 
     177     16.000000      4.800000     0.000000 
     178     16.800000      4.800000     0.000000 
     179     17.600000      4.800000     0.000000 
     180     18.400000      4.800000     0.000000 
     181     19.200000      4.800000     0.000000 
     182     20.000000      4.800000     0.000000 
     183     0.000000      5.600000     0.000000 
     184     0.800000      5.600000     0.000000 
     185     1.600000      5.600000     0.000000 
     186     2.400000      5.600000     0.000000 
     187     3.200000      5.600000     0.000000 
     188     4.000000      5.600000     0.000000 
     189     4.800000      5.600000     0.000000 
     190     5.600000      5.600000     0.000000 
     191     6.400000      5.600000     0.000000 
     192     7.200000      5.600000     0.000000 
     193     8.000000      5.600000     0.000000 
     194     8.800000      5.600000     0.000000 
     195     9.600000      5.600000     0.000000 
     196     10.400000      5.600000     0.000000 
     197     11.200000      5.600000     0.000000 
     198     12.000000      5.600000     0.000000 
     199     12.800000      5.600000     0.000000 
     200     13.600000      5.600000     0.000000 
     201     14.400000      5.600000     0.000000 
     202     15.200000      5.600000     0.000000 
     203     16.000000      5.600000     0.000000 
     204     16.800000      5.600000     0.000000 
     205     17.600000      5.600000     0.000000 
     206     18.400000      5.600000     0.000000 
     207     19.200000      5.600000     0.000000 
     208     20.000000      5.600000     0.000000 
     209     0.000000      6.400000     0.000000 
     210     0.800000      6.400000     0.000000 
     211     1.600000      6.400000     0.000000 
     212     2.400000      6.400000     0.000000 
     213     3.200000      6.400000     0.000000 
     214     4.000000      6.400000     0.000000 
     215     4.800000      6.400000     0.000000 
     216     5.600000      6.400000     0.000000 
     217     6.400000      6.400000     0.000000 
     218     7.200000      6.400000     0.000000 
     219     8.000000      6.400000     0.000000 
     220     8.800000      6.400000     0.000000 
     221     9.600000      6.400000     0.000000 
     222     10.400000      6.400000     0.000000 
     223     11.200000      6.400000     0.000000 
     224     12.000000      6.400000     0.000000 
     225     12.800000      6.400000     0.000000 
     226     13.600000      6.400000     0.000000 
     227     14.400000      6.400000     0.000000 
     228     15.200000      6.400000     0.000000 
     229     16.000000      6.400000     0.000000 
     230     16.800000      6.400000     0.000000 
     231     17.600000      6.400000     0.000000 
     232     18.400000      6.400000     0.000000 
     233     19.200000      6.400000     0.000000 
     234     20.000000      6.400000     0.000000 
     235     0.000000      7.200000     0.000000 
     236     0.800000      7.200000     0.000000 
     237     1.600000      7.200000     0.000000 
     238     2.400000      7.200000     0.000000 
     239     3.200000      7.200000     0.000000 
     240     4.000000      7.200000     0.000000 
     241     4.800000      7.200000     0.000000 
     242     5.600000      7.200000     0.000000 
     243     6.400000      7.200000     0.000000 
     244     7.200000      7.200000     0.000000 
     245     8.000000      7.200000     0.000000 
     246     8.800000      7.200000     0.000000 
     247     9.600000      7.200000     0.000000 
     248     10.400000      7.200000     0.000000 
     249     11.200000      7.200000     0.000000 
     250     12.000000      7.200000     0.000000 
     251     12.800000      7.200000     0.000000 
     252     13.600000      7.200000     0.000000 
     253     14.400000      7.200000     0.000000 
     254     15.200000      7.200000     0.000000 
     255     16.000000      7.200000     0.000000 
     256     16.800000      7.200000     0.000000 
     257     17.600000      7.200000     0.000000 
     258     18.400000      7.200000     0.000000 
     259     19.200000      7.200000     0.000000 
     260     20.000000      7.200000     0.000000 
     261     0.000000      8.000000     0.000000 
     262     0.800000      8.000000     0.000000 
     263     1.600000      8.000000     0.000000 
     264     2.400000      8.000000     0.000000 
     265     3.200000      8.000000     0.000000 
     266     4.000000      8.000000     0.000000 
     267     4.800000      8.000000     0.000000 
     268     5.600000      8.000000     0.000000 
     269     6.400000      8.000000     0.000000 
     270     7.200000      8.000000     0.000000 
     271     8.000000      8.000000     0.000000 
     272     8.800000      8.000000     0.000000 
     273     9.600000      8.000000     0.000000 
     274     10.400000      8.000000     0.000000 
     275     11.200000      8.000000     0.000000 
     276     12.000000      8.000000     0.000000 
     277     12.800000      8.000000     0.000000 
     278     13.600000      8.000000     0.000000 
     279     14.400000      8.000000     0.000000 
     280     15.200000      8.000000     0.000000 
     281     16.000000      8.000000     0.000000 
     282     16.800000      8.000000     0.000000 
     283     17.600000      8.000000     0.000000 
     284     18.400000      8.000000     0.000000 
     285     19.200000      8.000000     0.000000 
     286     20.000000      8.000000     0.000000 
     287     0.000000      8.800000     0.000000 
     288     0.800000      8.800000     0.000000 
     289     1.600000      8.800000     0.000000 
     290     2.400000      8.800000     0.000000 
     291     3.200000      8.800000     0.000000 
     292     4.000000      8.800000     0.000000 
     293     4.800000      8.800000     0.000000 
     294     5.600000      8.800000     0.000000 
     295     6.400000      8.800000     0.000000 
     296     7.200000      8.800000     0.000000 
     297     8.000000      8.800000     0.000000 
     298     8.800000      8.800000     0.000000 
     299     9.600000      8.800000     0.000000 
     300     10.400000      8.800000     0.000000 
     301     11.200000      8.800000     0.000000 
     302     12.000000      8.800000     0.000000 
     303     12.800000      8.800000     0.000000 
     304     13.600000      8.800000     0.000000 
     305     14.400000      8.800000     0.000000 
     306     15.200000      8.800000     0.000000 
     307     16.000000      8.800000     0.000000 
     308     16.800000      8.800000     0.000000 
     309     17.600000      8.800000     0.000000 
     310     18.400000      8.800000     0.000000 
     311     19.200000      8.800000     0.000000 
     312     20.000000      8.800000     0.000000 
     313     0.000000      9.600000     0.000000 
     314     0.800000      9.600000     0.000000 
     315     1.600000      9.600000     0.000000 
     316     2.400000      9.600000     0.000000 
     317     3.200000      9.600000     0.000000 
     318     4.000000      9.600000     0.000000 
     319     4.800000      9.600000     0.000000 
     320     5.600000      9.600000     0.000000 
     321     6.400000      9.600000     0.000000 
     322     7.200000      9.600000     0.000000 
     323     8.000000      9.600000     0.000000 
     324     8.800000      9.600000     0.000000 
     325     9.600000      9.600000     0.000000 
     326     10.400000      9.600000     0.000000 
     327     11.200000      9.600000     0.000000 
     328     12.000000      9.600000     0.000000 
     329     12.800000      9.600000     0.000000 
     330     13.600000      9.600000     0.000000 
     331     14.400000      9.600000     0.000000 
     332     15.200000      9.600000     0.000000 
     333     16.000000      9.600000     0.000000 
     334     16.800000      9.600000     0.000000 
     335     17.600000      9.600000     0.000000 
     336     18.400000      9.600000     0.000000 
     337     19.200000      9.600000     0.000000 
     338     20.000000      9.600000     0.000000 
     339     0.000000      10.400000     0.000000 
     340     0.800000      10.400000     0.000000 
     341     1.600000      10.400000     0.000000 
     342     2.400000      10.400000     0.000000 
     343     3.200000      10.400000     0.000000 
     344     4.000000      10.400000     0.000000 
     345     4.800000      10.400000     0.000000 
     346     5.600000      10.400000     0.000000 
     347     6.400000      10.400000     0.000000 
     348     7.200000      10.400000     0.000000 
     349     8.000000      10.400000     0.000000 
     350     8.800000      10.400000     0.000000 
     351     9.600000      10.400000     0.000000 
     352     10.400000      10.400000     0.000000 
     353     11.200000      10.400000     0.000000 
     354     12.000000      10.400000     0.000000 
     355     12.800000      10.400000     0.000000 
     356     13.600000      10.400000     0.000000 
     357     14.400000      10.400000     0.000000 
     358     15.200000      10.400000     0.000000 
     359     16.000000      10.400000     0.000000 
     360     16.800000      10.400000     0.000000 
     361     17.600000      10.400000     0.000000 
     362     18.400000      10.400000     0.000000 
     363     19.200000      10.400000     0.000000 
     364     20.000000      10.400000     0.000000 
     365     0.000000      11.200000     0.000000 
     366     0.800000      11.200000     0.000000 
     367     1.600000      11.200000     0.000000 
     368     2.400000      11.200000     0.000000 
     369     3.200000      11.200000     0.000000 
     370     4.000000      11.200000     0.000000 
     371     4.800000      11.200000     0.000000 
     372     5.600000      11.200000     0.000000 
     373     6.400000      11.200000     0.000000 
     374     7.200000      11.200000     0.000000 
     375     8.000000      11.200000     0.000000 
     376     8.800000      11.200000     0.000000 
     377     9.600000      11.200000     0.000000 
     378     10.400000      11.200000     0.000000 
     379     11.200000      11.200000     0.000000 
     380     12.000000      11.200000     0.000000 
     381     12.800000      11.200000     0.000000 
     382     13.600000      11.200000     0.000000 
     383     14.400000      11.200000     0.000000 
     384     15.200000      11.200000     0.000000 
     385     16.000000      11.200000     0.000000 
     386     16.800000      11.200000     0.000000 
     387     17.600000      11.200000     0.000000 
     388     18.400000      11.200000     0.000000 
     389     19.200000      11.200000     0.000000 
     390     20.000000      11.200000     0.000000 
     391     0.000000      12.000000     0.000000 
     392     0.800000      12.000000     0.000000 
     393     1.600000      12.000000     0.000000 
     394     2.400000      12.000000     0.000000 
     395     3.200000      12.000000     0.000000 
     396     4.000000      12.000000     0.000000 
     397     4.800000      12.000000     0.000000 
     398     5.600000      12.000000     0.000000 
     399     6.400000      12.000000     0.000000 
     400     7.200000      12.000000     0.000000 
     401     8.000000      12.000000     0.000000 
     402     8.800000      12.000000     0.000000 
     403     9.600000      12.000000     0.000000 
     404     10.400000      12.000000     0.000000 
     405     11.200000      12.000000     0.000000 
     406     12.000000      12.000000     0.000000 
     407     12.800000      12.000000     0.000000 
     408     13.600000      12.000000     0.000000 
     409     14.400000      12.000000     0.000000 
     410     15.200000      12.000000     0.000000 
     411     16.000000      12.000000     0.000000 
     412     16.800000      12.000000     0.000000 
     413     17.600000      12.000000     0.000000 
     414     18.400000      12.000000     0.000000 
     415     19.200000      12.000000     0.000000 
     416     20.000000      12.000000     0.000000 
     417     0.000000      12.800000     0.000000 
     418     0.800000      12.800000     0.000000 
     419     1.600000      12.800000     0.000000 
     420     2.400000      12.800000     0.000000 
     421     3.200000      12.800000     0.000000 
     422     4.000000      12.800000     0.000000 
     423     4.800000      12.800000     0.000000 
     424     5.600000      12.800000     0.000000 
     425     6.400000      12.800000     0.000000 
     426     7.200000      12.800000     0.000000 
     427     8.000000      12.800000     0.000000 
     428     8.800000      12.800000     0.000000 
     429     9.600000      12.800000     0.000000 
     430     10.400000      12.800000     0.000000 
     431     11.200000      12.800000     0.000000 
     432     12.000000      12.800000     0.000000 
     433     12.800000      12.800000     0.000000 
     434     13.600000      12.800000     0.000000 
     435     14.400000      12.800000     0.000000 
     436     15.200000      12.800000     0.000000 
     437     16.000000      12.800000     0.000000 
     438     16.800000      12.800000     0.000000 
     439     17.600000      12.800000     0.000000 
     440     18.400000      12.800000     0.000000 
     441     19.200000      12.800000     0.000000 
     442     20.000000      12.800000     0.000000 
     443     0.000000      13.600000     0.000000 
     444     0.800000      13.600000     0.000000 
     445     1.600000      13.600000     0.000000 
     446     2.400000      13.600000     0.000000 
     447     3.200000      13.600000     0.000000 
     448     4.000000      13.600000     0.000000 
     449     4.800000      13.600000     0.000000 
     450     5.600000      13.600000     0.000000 
     451     6.400000      13.600000     0.000000 
     452     7.200000      13.600000     0.000000 
     453     8.000000      13.600000     0.000000 
     454     8.800000      13.600000     0.000000 
     455     9.600000      13.600000     0.000000 
     456     10.400000      13.600000     0.000000 
     457     11.200000      13.600000     0.000000 
     458     12.000000      13.600000     0.000000 
     459     12.800000      13.600000     0.000000 
     460     13.600000      13.600000     0.000000 
     461     14.400000      13.600000     0.000000 
     462     15.200000      13.600000     0.000000 
     463     16.000000      13.600000     0.000000 
     464     16.800000      13.600000     0.000000 
     465     17.600000      13.600000     0.000000 
     466     18.400000      13.600000     0.000000 
     467     19.200000      13.600000     0.000000 
     468     20.000000      13.600000     0.000000 
     469     0.000000      14.400000     0.000000 
     470     0.800000      14.400000     0.000000 
     471     1.600000      14.400000     0.000000 
     472     2.400000      14.400000     0.000000 
     473     3.200000      14.400000     0.000000 
     474     4.000000      14.400000     0.000000 
     475     4.800000      14.400000     0.000000 
     476     5.600000      14.400000     0.000000 
     477     6.400000      14.400000     0.000000 
     478     7.200000      14.400000     0.000000 
     479     8.000000      14.400000     0.000000 
     480     8.800000      14.400000     0.000000 
     481     9.600000      14.400000     0.000000 
     482     10.400000      14.400000     0.000000 
     483     11.200000      14.400000     0.000000 
     484     12.000000      14.400000     0.000000 
     485     12.800000      14.400000     0.000000 
     486     13.600000      14.400000     0.000000 
     487     14.400000      14.400000     0.000000 
     488     15.200000      14.400000     0.000000 
     489     16.000000      14.400000     0.000000 
     490     16.800000      14.400000     0.000000 
     491     17.600000      14.400000     0.000000 
     492     18.400000      14.400000     0.000000 
     493     19.200000      14.400000     0.000000 
     494     20.000000      14.400000     0.000000 
     495     0.000000      15.200000     0.000000 
     496     0.800000      15.200000     0.000000 
     497     1.600000      15.200000     0.000000 
     498     2.400000      15.200000     0.000000 
     499     3.200000      15.200000     0.000000 
     500     4.000000      15.200000     0.000000 
     501     4.800000      15.200000     0.000000 
     502     5.600000      15.200000     0.000000 
     503     6.400000      15.200000     0.000000 
     504     7.200000      15.200000     0.000000 
     505     8.000000      15.200000     0.000000 
     506     8.800000      15.200000     0.000000 
     507     9.600000      15.200000     0.000000 
     508     10.400000      15.200000     0.000000 
     509     11.200000      15.200000     0.000000 
     510     12.000000      15.200000     0.000000 
     511     12.800000      15.200000     0.000000 
     512     13.600000      15.200000     0.000000 
     513     14.400000      15.200000     0.000000 
     514     15.200000      15.200000     0.000000 
     515     16.000000      15.200000     0.000000 
     516     16.800000      15.200000     0.000000 
     517     17.600000      15.200000     0.000000 
     518     18.400000      15.200000     0.000000 
     519     19.200000      15.200000     0.000000 
     520     20.000000      15.200000     0.000000 
     521     0.000000      16.000000     0.000000 
     522     0.800000      16.000000     0.000000 
     523     1.600000      16.000000     0.000000 
     524     2.400000      16.000000     0.000000 
     525     3.200000      16.000000     0.000000 
     526     4.000000      16.000000     0.000000 
     527     4.800000      16.000000     0.000000 
     528     5.600000      16.000000     0.000000 
     529     6.400000      16.000000     0.000000 
     530     7.200000      16.000000     0.000000 
     531     8.000000      16.000000     0.000000 
     532     8.800000      16.000000     0.000000 
     533     9.600000      16.000000     0.000000 
     534     10.400000      16.000000     0.000000 
     535     11.200000      16.000000     0.000000 
     536     12.000000      16.000000     0.000000 
     537     12.800000      16.000000     0.000000 
     538     13.600000      16.000000     0.000000 
     539     14.400000      16.000000     0.000000 
     540     15.200000      16.000000     0.000000 
     541     16.000000      16.000000     0.000000 
     542     16.800000      16.000000     0.000000 
     543     17.600000      16.000000     0.000000 
     544     18.400000      16.000000     0.000000 
     545     19.200000      16.000000     0.000000 
     546     20.000000      16.000000     0.000000 
     547     0.000000      16.800000     0.000000 
     548     0.800000      16.800000     0.000000 
     549     1.600000      16.800000     0.000000 
     550     2.400000      16.800000     0.000000 
     551     3.200000      16.800000     0.000000 
     552     4.000000      16.800000     0.000000 
     553     4.800000      16.800000     0.000000 
     554     5.600000      16.800000     0.000000 
     555     6.400000      16.800000     0.000000 
     556     7.200000      16.800000     0.000000 
     557     8.000000      16.800000     0.000000 
     558     8.800000      16.800000     0.000000 
     559     9.600000      16.800000     0.000000 
     560     10.400000      16.800000     0.000000 
     561     11.200000      16.800000     0.000000 
     562     12.000000      16.800000     0.000000 
     563     12.800000      16.800000     0.000000 
     564     13.600000      16.800000     0.000000 
     565     14.400000      16.800000     0.000000 
     566     15.200000      16.800000     0.000000 
     567     16.000000      16.800000     0.000000 
     568     16.800000      16.800000     0.000000 
     569     17.600000      16.800000     0.000000 
     570     18.400000      16.800000     0.000000 
     571     19.200000      16.800000     0.000000 
     572     20.000000      16.800000     0.000000 
     573     0.000000      17.600000     0.000000 
     574     0.800000      17.600000     0.000000 
     575     1.600000      17.600000     0.000000 
     576     2.400000      17.600000     0.000000 
     577     3.200000      17.600000     0.000000 
     578     4.000000      17.600000     0.000000 
     579     4.800000      17.600000     0.000000 
     580     5.600000      17.600000     0.000000 
     581     6.400000      17.600000     0.000000 
     582     7.200000      17.600000     0.000000 
     583     8.000000      17.600000     0.000000 
     584     8.800000      17.600000     0.000000 
     585     9.600000      17.600000     0.000000 
     586     10.400000      17.600000     0.000000 
     587     11.200000      17.600000     0.000000 
     588     12.000000      17.600000     0.000000 
     589     12.800000      17.600000     0.000000 
     590     13.600000      17.600000     0.000000 
     591     14.400000      17.600000     0.000000 
     592     15.200000      17.600000     0.000000 
     593     16.000000      17.600000     0.000000 
     594     16.800000      17.600000     0.000000 
     595     17.600000      17.600000     0.000000 
     596     18.400000      17.600000     0.000000 
     597     19.200000      17.600000     0.000000 
     598     20.000000      17.600000     0.000000 
     599     0.000000      18.400000     0.000000 
     600     0.800000      18.400000     0.000000 
     601     1.600000      18.400000     0.000000 
     602     2.400000      18.400000     0.000000 
     603     3.200000      18.400000     0.000000 
     604     4.000000      18.400000     0.000000 
     605     4.800000      18.400000     0.000000 
     606     5.600000      18.400000     0.000000 
     607     6.400000      18.400000     0.000000 
     608     7.200000      18.400000     0.000000 
     609     8.000000      18.400000     0.000000 
     610     8.800000      18.400000     0.000000 
     611     9.600000      18.400000     0.000000 
     612     10.400000      18.400000     0.000000 
     613     11.200000      18.400000     0.000000 
     614     12.000000      18.400000     0.000000 
     615     12.800000      18.400000     0.000000 
     616     13.600000      18.400000     0.000000 
     617     14.400000      18.400000     0.000000 
     618     15.200000      18.400000     0.000000 
     619     16.000000      18.400000     0.000000 
     620     16.800000      18.400000     0.000000 
     621     17.600000      18.400000     0.000000 
     622     18.400000      18.400000     0.000000 
     623     19.200000      18.400000     0.000000 
     624     20.000000      18.400000     0.000000 
     625     0.000000      19.200000     0.000000 
     626     0.800000      19.200000     0.000000 
     627     1.600000      19.200000     0.000000 
     628     2.400000      19.200000     0.000000 
     629     3.200000      19.200000     0.000000 
     630     4.000000      19.200000     0.000000 
     631     4.800000      19.200000     0.000000 
     632     5.600000      19.200000     0.000000 
     633     6.400000      19.200000     0.000000 
     634     7.200000      19.200000     0.000000 
     635     8.000000      19.200000     0.000000 
     636     8.800000      19.200000     0.000000 
     637     9.600000      19.200000     0.000000 
     638     10.400000      19.200000     0.000000 
     639     11.200000      19.200000     0.000000 
     640     12.000000      19.200000     0.000000 
     641     12.800000      19.200000     0.000000 
     642     13.600000      19.200000     0.000000 
     643     14.400000      19.200000     0.000000 
     644     15.200000      19.200000     0.000000 
     645     16.000000      19.200000     0.000000 
     646     16.800000      19.200000     0.000000 
     647     17.600000      19.200000     0.000000 
     648     18.400000      19.200000     0.000000 
     649     19.200000      19.200000     0.000000 
     650     20.000000      19.200000     0.000000 
     651     0.000000      20.000000     0.000000 
     652     0.800000      20.000000     0.000000 
     653     1.600000      20.000000     0.000000 
     654     2.400000      20.000000     0.000000 
     655     3.200000      20.000000     0.000000 
     656     4.000000      20.000000     0.000000 
     657     4.800000      20.000000     0.000000 
     658     5.600000      20.000000     0.000000 
     659     6.400000      20.000000     0.000000 
     660     7.200000      20.000000     0.000000 
     661     8.000000      20.000000     0.000000 
     662     8.800000      20.000000     0.000000 
     663     9.600000      20.000000     0.000000 
     664     10.400000      20.000000     0.000000 
     665     11.200000      20.000000     0.000000 
     666     12.000000      20.000000     0.000000 
     667     12.800000      20.000000     0.000000 
     668     13.600000      20.000000     0.000000 
     669     14.400000      20.000000     0.000000 
     670     15.200000      20.000000     0.000000 
     671     16.000000      20.000000     0.000000 
     672     16.800000      20.000000     0.000000 
     673     17.600000      20.000000     0.000000 
     674     18.400000      20.000000     0.000000 
     675     19.200000      20.000000     0.000000 
     676     20.000000      20.000000     0.000000 
     1250  1
     1     1      2     27 
     2     2      28     27 
     3     2      3     28 
     4     3      29     28 
     5     3      4     29 
     6     4      30     29 
     7     4      5     30 
     8     5      31     30 
     9     5      6     31 
     10     6      32     31 
     11     6      7     32 
     12     7      33     32 
     13     7      8     33 
     14     8      34     33 
     15     8      9     34 
     16     9      35     34 
     17     9      10     35 
     18     10      36     35 
     19     10      11     36 
     20     11      37     36 
     21     11      12     37 
     22     12      38     37 
     23     12      13     38 
     24     13      39     38 
     25     13      14     39 
     26     14      40     39 
     27     14      15     40 
     28     15      41     40 
     29     15      16     41 
     30     16      42     41 
     31     16      17     42 
     32     17      43     42 
     33     17      18     43 
     34     18      44     43 
     35     18      19     44 
     36     19      45     44 
     37     19      20     45 
     38     20      46     45 
     39     20      21     46 
     40     21      47     46 
     41     21      22     47 
     42     22      48     47 
     43     22      23     48 
     44     23      49     48 
     45     23      24     49 
     46     24      50     49 
     47     24      25     50 
     48     25      51     50 
     49     25      26     51 
     50     26      52     51 
     51     27      28     53 
     52     28      54     53 
     53     28      29     54 
     54     29      55     54 
     55     29      30     55 
     56     30      56     55 
     57     30      31     56 
     58     31      57     56 
     59     31      32     57 
     60     32      58     57 
     61     32      33     58 
     62     33      59     58 
     63     33      34     59 
     64     34      60     59 
     65     34      35     60 
     66     35      61     60 
     67     35      36     61 
     68     36      62     61 
     69     36      37     62 
     70     37      63     62 
     71     37      38     63 
     72     38      64     63 
     73     38      39     64 
     74     39      65     64 
     75     39      40     65 
     76     40      66     65 
     77     40      41     66 
     78     41      67     66 
     79     41      42     67 
     80     42      68     67 
     81     42      43     68 
     82     43      69     68 
     83     43      44     69 
     84     44      70     69 
     85     44      45     70 
     86     45      71     70 
     87     45      46     71 
     88     46      72     71 
     89     46      47     72 
     90     47      73     72 
     91     47      48     73 
     92     48      74     73 
     93     48      49     74 
     94     49      75     74 
     95     49      50     75 
     96     50      76     75 
     97     50      51     76 
     98     51      77     76 
     99     51      52     77 
     100     52      78     77 
     101     53      54     79 
     102     54      80     79 
     103     54      55     80 
     104     55      81     80 
     105     55      56     81 
     106     56      82     81 
     107     56      57     82 
     108     57      83     82 
     109     57      58     83 
     110     58      84     83 
     111     58      59     84 
     112     59      85     84 
     113     59      60     85 
     114     60      86     85 
     115     60      61     86 
     116     61      87     86 
     117     61      62     87 
     118     62      88     87 
     119     62      63     88 
     120     63      89     88 
     121     63      64     89 
     122     64      90     89 
     123     64      65     90 
     124     65      91     90 
     125     65      66     91 
     126     66      92     91 
     127     66      67     92 
     128     67      93     92 
     129     67      68     93 
     130     68      94     93 
     131     68      69     94 
     132     69      95     94 
     133     69      70     95 
     134     70      96     95 
     135     70      71     96 
     136     71      97     96 
     137     71      72     97 
     138     72      98     97 
     139     72      73     98 
     140     73      99     98 
     141     73      74     99 
     142     74      100     99 
     143     74      75     100 
     144     75      101     100 
     145     75      76     101 
     146     76      102     101 
     147     76      77     102 
     148     77      103     102 
     149     77      78     103 
     150     78      104     103 
     151     79      80     105 
     152     80      106     105 
     153     80      81     106 
     154     81      107     106 
     155     81      82     107 
     156     82      108     107 
     157     82      83     108 
     158     83      109     108 
     159     83      84     109 
     160     84      110     109 
     161     84      85     110 
     162     85      111     110 
     163     85      86     111 
     164     86      112     111 
     165     86      87     112 
     166     87      113     112 
     167     87      88     113 
     168     88      114     113 
     169     88      89     114 
     170     89      115     114 
     171     89      90     115 
     172     90      116     115 
     173     90      91     116 
     174     91      117     116 
     175     91      92     117 
     176     92      118     117 
     177     92      93     118 
     178     93      119     118 
     179     93      94     119 
     180     94      120     119 
     181     94      95     120 
     182     95      121     120 
     183     95      96     121 
     184     96      122     121 
     185     96      97     122 
     186     97      123     122 
     187     97      98     123 
     188     98      124     123 
     189     98      99     124 
     190     99      125     124 
     191     99      100     125 
     192     100      126     125 
     193     100      101     126 
     194     101      127     126 
     195     101      102     127 
     196     102      128     127 
     197     102      103     128 
     198     103      129     128 
     199     103      104     129 
     200     104      130     129 
     201     105      106     131 
     202     106      132     131 
     203     106      107     132 
     204     107      133     132 
     205     107      108     133 
     206     108      134     133 
     207     108      109     134 
     208     109      135     134 
     209     109      110     135 
     210     110      136     135 
     211     110      111     136 
     212     111      137     136 
     213     111      112     137 
     214     112      138     137 
     215     112      113     138 
     216     113      139     138 
     217     113      114     139 
     218     114      140     139 
     219     114      115     140 
     220     115      141     140 
     221     115      116     141 
     222     116      142     141 
     223     116      117     142 
     224     117      143     142 
     225     117      118     143 
     226     118      144     143 
     227     118      119     144 
     228     119      145     144 
     229     119      120     145 
     230     120      146     145 
     231     120      121     146 
     232     121      147     146 
     233     121      122     147 
     234     122      148     147 
     235     122      123     148 
     236     123      149     148 
     237     123      124     149 
     238     124      150     149 
     239     124      125     150 
     240     125      151     150 
     241     125      126     151 
     242     126      152     151 
     243     126      127     152 
     244     127      153     152 
     245     127      128     153 
     246     128      154     153 
     247     128      129     154 
     248     129      155     154 
     249     129      130     155 
     250     130      156     155 
     251     131      132     157 
     252     132      158     157 
     253     132      133     158 
     254     133      159     158 
     255     133      134     159 
     256     134      160     159 
     257     134      135     160 
     258     135      161     160 
     259     135      136     161 
     260     136      162     161 
     261     136      137     162 
     262     137      163     162 
     263     137      138     163 
     264     138      164     163 
     265     138      139     164 
     266     139      165     164 
     267     139      140     165 
     268     140      166     165 
     269     140      141     166 
     270     141      167     166 
     271     141      142     167 
     272     142      168     167 
     273     142      143     168 
     274     143      169     168 
     275     143      144     169 
     276     144      170     169 
     277     144      145     170 
     278     145      171     170 
     279     145      146     171 
     280     146      172     171 
     281     146      147     172 
     282     147      173     172 
     283     147      148     173 
     284     148      174     173 
     285     148      149     174 
     286     149      175     174 
     287     149      150     175 
     288     150      176     175 
     289     150      151     176 
     290     151      177     176 
     291     151      152     177 
     292     152      178     177 
     293     152      153     178 
     294     153      179     178 
     295     153      154     179 
     296     154      180     179 
     297     154      155     180 
     298     155      181     180 
     299     155      156     181 
     300     156      182     181 
     301     157      158     183 
     302     158      184     183 
     303     158      159     184 
     304     159      185     184 
     305     159      160     185 
     306     160      186     185 
     307     160      161     186 
     308     161      187     186 
     309     161      162     187 
     310     162      188     187 
     311     162      163     188 
     312     163      189     188 
     313     163      164     189 
     314     164      190     189 
     315     164      165     190 
     316     165      191     190 
     317     165      166     191 
     318     166      192     191 
     319     166      167     192 
     320     167      193     192 
     321     167      168     193 
     322     168      194     193 
     323     168      169     194 
     324     169      195     194 
     325     169      170     195 
     326     170      196     195 
     327     170      171     196 
     328     171      197     196 
     329     171      172     197 
     330     172      198     197 
     331     172      173     198 
     332     173      199     198 
     333     173      174     199 
     334     174      200     199 
     335     174      175     200 
     336     175      201     200 
     337     175      176     201 
     338     176      202     201 
     339     176      177     202 
     340     177      203     202 
     341     177      178     203 
     342     178      204     203 
     343     178      179     204 
     344     179      205     204 
     345     179      180     205 
     346     180      206     205 
     347     180      181     206 
     348     181      207     206 
     349     181      182     207 
     350     182      208     207 
     351     183      184     209 
     352     184      210     209 
     353     184      185     210 
     354     185      211     210 
     355     185      186     211 
     356     186      212     211 
     357     186      187     212 
     358     187      213     212 
     359     187      188     213 
     360     188      214     213 
     361     188      189     214 
     362     189      215     214 
     363     189      190     215 
     364     190      216     215 
     365     190      191     216 
     366     191      217     216 
     367     191      192     217 
     368     192      218     217 
     369     192      193     218 
     370     193      219     218 
     371     193      194     219 
     372     194      220     219 
     373     194      195     220 
     374     195      221     220 
     375     195      196     221 
     376     196      222     221 
     377     196      197     222 
     378     197      223     222 
     379     197      198     223 
     380     198      224     223 
     381     198      199     224 
     382     199      225     224 
     383     199      200     225 
     384     200      226     225 
     385     200      201     226 
     386     201      227     226 
     387     201      202     227 
     388     202      228     227 
     389     202      203     228 
     390     203      229     228 
     391     203      204     229 
     392     204      230     229 
     393     204      205     230 
     394     205      231     230 
     395     205      206     231 
     396     206      232     231 
     397     206      207     232 
     398     207      233     232 
     399     207      208     233 
     400     208      234     233 
     401     209      210     235 
     402     210      236     235 
     403     210      211     236 
     404     211      237     236 
     405     211      212     237 
     406     212      238     237 
     407     212      213     238 
     408     213      239     238 
     409     213      214     239 
     410     214      240     239 
     411     214      215     240 
     412     215      241     240 
     413     215      216     241 
     414     216      242     241 
     415     216      217     242 
     416     217      243     242 
     417     217      218     243 
     418     218      244     243 
     419     218      219     244 
     420     219      245     244 
     421     219      220     245 
     422     220      246     245 
     423     220      221     246 
     424     221      247     246 
     425     221      222     247 
     426     222      248     247 
     427     222      223     248 
     428     223      249     248 
     429     223      224     249 
     430     224      250     249 
     431     224      225     250 
     432     225      251     250 
     433     225      226     251 
     434     226      252     251 
     435     226      227     252 
     436     227      253     252 
     437     227      228     253 
     438     228      254     253 
     439     228      229     254 
     440     229      255     254 
     441     229      230     255 
     442     230      256     255 
     443     230      231     256 
     444     231      257     256 
     445     231      232     257 
     446     232      258     257 
     447     232      233     258 
     448     233      259     258 
     449     233      234     259 
     450     234      260     259 
     451     235      236     261 
     452     236      262     261 
     453     236      237     262 
     454     237      263     262 
     455     237      238     263 
     456     238      264     263 
     457     238      239     264 
     458     239      265     264 
     459     239      240     265 
     460     240      266     265 
     461     240      241     266 
     462     241      267     266 
     463     241      242     267 
     464     242      268     267 
     465     242      243     268 
     466     243      269     268 
     467     243      244     269 
     468     244      270     269 
     469     244      245     270 
     470     245      271     270 
     471     245      246     271 
     472     246      272     271 
     473     246      247     272 
     474     247      273     272 
     475     247      248     273 
     476     248      274     273 
     477     248      249     274 
     478     249      275     274 
     479     249      250     275 
     480     250      276     275 
     481     250      251     276 
     482     251      277     276 
     483     251      252     277 
     484     252      278     277 
     485     252      253     278 
     486     253      279     278 
     487     253      254     279 
     488     254      280     279 
     489     254      255     280 
     490     255      281     280 
     491     255      256     281 
     492     256      282     281 
     493     256      257     282 
     494     257      283     282 
     495     257      258     283 
     496     258      284     283 
     497     258      259     284 
     498     259      285     284 
     499     259      260     285 
     500     260      286     285 
     501     261      262     287 
     502     262      288     287 
     503     262      263     288 
     504     263      289     288 
     505     263      264     289 
     506     264      290     289 
     507     264      265     290 
     508     265      291     290 
     509     265      266     291 
     510     266      292     291 
     511     266      267     292 
     512     267      293     292 
     513     267      268     293 
     514     268      294     293 
     515     268      269     294 
     516     269      295     294 
     517     269      270     295 
     518     270      296     295 
     519     270      271     296 
     520     271      297     296 
     521     271      272     297 
     522     272      298     297 
     523     272      273     298 
     524     273      299     298 
     525     273      274     299 
     526     274      300     299 
     527     274      275     300 
     528     275      301     300 
     529     275      276     301 
     530     276      302     301 
     531     276      277     302 
     532     277      303     302 
     533     277      278     303 
     534     278      304     303 
     535     278      279     304 
     536     279      305     304 
     537     279      280     305 
     538     280      306     305 
     539     280      281     306 
     540     281      307     306 
     541     281      282     307 
     542     282      308     307 
     543     282      283     308 
     544     283      309     308 
     545     283      284     309 
     546     284      310     309 
     547     284      285     310 
     548     285      311     310 
     549     285      286     311 
     550     286      312     311 
     551     287      288     313 
     552     288      314     313 
     553     288      289     314 
     554     289      315     314 
     555     289      290     315 
     556     290      316     315 
     557     290      291     316 
     558     291      317     316 
     559     291      292     317 
     560     292      318     317 
     561     292      293     318 
     562     293      319     318 
     563     293      294     319 
     564     294      320     319 
     565     294      295     320 
     566     295      321     320 
     567     295      296     321 
     568     296      322     321 
     569     296      297     322 
     570     297      323     322 
     571     297      298     323 
     572     298      324     323 
     573     298      299     324 
     574     299      325     324 
     575     299      300     325 
     576     300      326     325 
     577     300      301     326 
     578     301      327     326 
     579     301      302     327 
     580     302      328     327 
     581     302      303     328 
     582     303      329     328 
     583     303      304     329 
     584     304      330     329 
     585     304      305     330 
     586     305      331     330 
     587     305      306     331 
     588     306      332     331 
     589     306      307     332 
     590     307      333     332 
     591     307      308     333 
     592     308      334     333 
     593     308      309     334 
     594     309      335     334 
     595     309      310     335 
     596     310      336     335 
     597     310      311     336 
     598     311      337     336 
     599     311      312     337 
     600     312      338     337 
     601     313      314     339 
     602     314      340     339 
     603     314      315     340 
     604     315      341     340 
     605     315      316     341 
     606     316      342     341 
     607     316      317     342 
     608     317      343     342 
     609     317      318     343 
     610     318      344     343 
     611     318      319     344 
     612     319      345     344 
     613     319      320     345 
     614     320      346     345 
     615     320      321     346 
     616     321      347     346 
     617     321      322     347 
     618     322      348     347 
     619     322      323     348 
     620     323      349     348 
     621     323      324     349 
     622     324      350     349 
     623     324      325     350 
     624     325      351     350 
     625     325      326     351 
     626     326      352     351 
     627     326      327     352 
     628     327      353     352 
     629     327      328     353 
     630     328      354     353 
     631     328      329     354 
     632     329      355     354 
     633     329      330     355 
     634     330      356     355 
     635     330      331     356 
     636     331      357     356 
     637     331      332     357 
     638     332      358     357 
     639     332      333     358 
     640     333      359     358 
     641     333      334     359 
     642     334      360     359 
     643     334      335     360 
     644     335      361     360 
     645     335      336     361 
     646     336      362     361 
     647     336      337     362 
     648     337      363     362 
     649     337      338     363 
     650     338      364     363 
     651     339      340     365 
     652     340      366     365 
     653     340      341     366 
     654     341      367     366 
     655     341      342     367 
     656     342      368     367 
     657     342      343     368 
     658     343      369     368 
     659     343      344     369 
     660     344      370     369 
     661     344      345     370 
     662     345      371     370 
     663     345      346     371 
     664     346      372     371 
     665     346      347     372 
     666     347      373     372 
     667     347      348     373 
     668     348      374     373 
     669     348      349     374 
     670     349      375     374 
     671     349      350     375 
     672     350      376     375 
     673     350      351     376 
     674     351      377     376 
     675     351      352     377 
     676     352      378     377 
     677     352      353     378 
     678     353      379     378 
     679     353      354     379 
     680     354      380     379 
     681     354      355     380 
     682     355      381     380 
     683     355      356     381 
     684     356      382     381 
     685     356      357     382 
     686     357      383     382 
     687     357      358     383 
     688     358      384     383 
     689     358      359     384 
     690     359      385     384 
     691     359      360     385 
     692     360      386     385 
     693     360      361     386 
     694     361      387     386 
     695     361      362     387 
     696     362      388     387 
     697     362      363     388 
     698     363      389     388 
     699     363      364     389 
     700     364      390     389 
     701     365      366     391 
     702     366      392     391 
     703     366      367     392 
     704     367      393     392 
     705     367      368     393 
     706     368      394     393 
     707     368      369     394 
     708     369      395     394 
     709     369      370     395 
     710     370      396     395 
     711     370      371     396 
     712     371      397     396 
     713     371      372     397 
     714     372      398     397 
     715     372      373     398 
     716     373      399     398 
     717     373      374     399 
     718     374      400     399 
     719     374      375     400 
     720     375      401     400 
     721     375      376     401 
     722     376      402     401 
     723     376      377     402 
     724     377      403     402 
     725     377      378     403 
     726     378      404     403 
     727     378      379     404 
     728     379      405     404 
     729     379      380     405 
     730     380      406     405 
     731     380      381     406 
     732     381      407     406 
     733     381      382     407 
     734     382      408     407 
     735     382      383     408 
     736     383      409     408 
     737     383      384     409 
     738     384      410     409 
     739     384      385     410 
     740     385      411     410 
     741     385      386     411 
     742     386      412     411 
     743     386      387     412 
     744     387      413     412 
     745     387      388     413 
     746     388      414     413 
     747     388      389     414 
     748     389      415     414 
     749     389      390     415 
     750     390      416     415 
     751     391      392     417 
     752     392      418     417 
     753     392      393     418 
     754     393      419     418 
     755     393      394     419 
     756     394      420     419 
     757     394      395     420 
     758     395      421     420 
     759     395      396     421 
     760     396      422     421 
     761     396      397     422 
     762     397      423     422 
     763     397      398     423 
     764     398      424     423 
     765     398      399     424 
     766     399      425     424 
     767     399      400     425 
     768     400      426     425 
     769     400      401     426 
     770     401      427     426 
     771     401      402     427 
     772     402      428     427 
     773     402      403     428 
     774     403      429     428 
     775     403      404     429 
     776     404      430     429 
     777     404      405     430 
     778     405      431     430 
     779     405      406     431 
     780     406      432     431 
     781     406      407     432 
     782     407      433     432 
     783     407      408     433 
     784     408      434     433 
     785     408      409     434 
     786     409      435     434 
     787     409      410     435 
     788     410      436     435 
     789     410      411     436 
     790     411      437     436 
     791     411      412     437 
     792     412      438     437 
     793     412      413     438 
     794     413      439     438 
     795     413      414     439 
     796     414      440     439 
     797     414      415     440 
     798     415      441     440 
     799     415      416     441 
     800     416      442     441 
     801     417      418     443 
     802     418      444     443 
     803     418      419     444 
     804     419      445     444 
     805     419      420     445 
     806     420      446     445 
     807     420      421     446 
     808     421      447     446 
     809     421      422     447 
     810     422      448     447 
     811     422      423     448 
     812     423      449     448 
     813     423      424     449 
     814     424      450     449 
     815     424      425     450 
     816     425      451     450 
     817     425      426     451 
     818     426      452     451 
     819     426      427     452 
     820     427      453     452 
     821     427      428     453 
     822     428      454     453 
     823     428      429     454 
     824     429      455     454 
     825     429      430     455 
     826     430      456     455 
     827     430      431     456 
     828     431      457     456 
     829     431      432     457 
     830     432      458     457 
     831     432      433     458 
     832     433      459     458 
     833     433      434     459 
     834     434      460     459 
     835     434      435     460 
     836     435      461     460 
     837     435      436     461 
     838     436      462     461 
     839     436      437     462 
     840     437      463     462 
     841     437      438     463 
     842     438      464     463 
     843     438      439     464 
     844     439      465     464 
     845     439      440     465 
     846     440      466     465 
     847     440      441     466 
     848     441      467     466 
     849     441      442     467 
     850     442      468     467 
     851     443      444     469 
     852     444      470     469 
     853     444      445     470 
     854     445      471     470 
     855     445      446     471 
     856     446      472     471 
     857     446      447     472 
     858     447      473     472 
     859     447      448     473 
     860     448      474     473 
     861     448      449     474 
     862     449      475     474 
     863     449      450     475 
     864     450      476     475 
     865     450      451     476 
     866     451      477     476 
     867     451      452     477 
     868     452      478     477 
     869     452      453     478 
     870     453      479     478 
     871     453      454     479 
     872     454      480     479 
     873     454      455     480 
     874     455      481     480 
     875     455      456     481 
     876     456      482     481 
     877     456      457     482 
     878     457      483     482 
     879     457      458     483 
     880     458      484     483 
     881     458      459     484 
     882     459      485     484 
     883     459      460     485 
     884     460      486     485 
     885     460      461     486 
     886     461      487     486 
     887     461      462     487 
     888     462      488     487 
     889     462      463     488 
     890     463      489     488 
     891     463      464     489 
     892     464      490     489 
     893     464      465     490 
     894     465      491     490 
     895     465      466     491 
     896     466      492     491 
     897     466      467     492 
     898     467      493     492 
     899     467      468     493 
     900     468      494     493 
     901     469      470     495 
     902     470      496     495 
     903     470      471     496 
     904     471      497     496 
     905     471      472     497 
     906     472      498     497 
     907     472      473     498 
     908     473      499     498 
     909     473      474     499 
     910     474      500     499 
     911     474      475     500 
     912     475      501     500 
     913     475      476     501 
     914     476      502     501 
     915     476      477     502 
     916     477      503     502 
     917     477      478     503 
     918     478      504     503 
     919     478      479     504 
     920     479      505     504 
     921     479      480     505 
     922     480      506     505 
     923     480      481     506 
     924     481      507     506 
     925     481      482     507 
     926     482      508     507 
     927     482      483     508 
     928     483      509     508 
     929     483      484     509 
     930     484      510     509 
     931     484      485     510 
     932     485      511     510 
     933     485      486     511 
     934     486      512     511 
     935     486      487     512 
     936     487      513     512 
     937     487      488     513 
     938     488      514     513 
     939     488      489     514 
     940     489      515     514 
     941     489      490     515 
     942     490      516     515 
     943     490      491     516 
     944     491      517     516 
     945     491      492     517 
     946     492      518     517 
     947     492      493     518 
     948     493      519     518 
     949     493      494     519 
     950     494      520     519 
     951     495      496     521 
     952     496      522     521 
     953     496      497     522 
     954     497      523     522 
     955     497      498     523 
     956     498      524     523 
     957     498      499     524 
     958     499      525     524 
     959     499      500     525 
     960     500      526     525 
     961     500      501     526 
     962     501      527     526 
     963     501      502     527 
     964     502      528     527 
     965     502      503     528 
     966     503      529     528 
     967     503      504     529 
     968     504      530     529 
     969     504      505     530 
     970     505      531     530 
     971     505      506     531 
     972     506      532     531 
     973     506      507     532 
     974     507      533     532 
     975     507      508     533 
     976     508      534     533 
     977     508      509     534 
     978     509      535     534 
     979     509      510     535 
     980     510      536     535 
     981     510      511     536 
     982     511      537     536 
     983     511      512     537 
     984     512      538     537 
     985     512      513     538 
     986     513      539     538 
     987     513      514     539 
     988     514      540     539 
     989     514      515     540 
     990     515      541     540 
     991     515      516     541 
     992     516      542     541 
     993     516      517     542 
     994     517      543     542 
     995     517      518     543 
     996     518      544     543 
     997     518      519     544 
     998     519      545     544 
     999     519      520     545 
     1000     520      546     545 
     1001     521      522     547 
     1002     522      548     547 
     1003     522      523     548 
     1004     523      549     548 
     1005     523      524     549 
     1006     524      550     549 
     1007     524      525     550 
     1008     525      551     550 
     1009     525      526     551 
     1010     526      552     551 
     1011     526      527     552 
     1012     527      553     552 
     1013     527      528     553 
     1014     528      554     553 
     1015     528      529     554 
     1016     529      555     554 
     1017     529      530     555 
     1018     530      556     555 
     1019     530      531     556 
     1020     531      557     556 
     1021     531      532     557 
     1022     532      558     557 
     1023     532      533     558 
     1024     533      559     558 
     1025     533      534     559 
     1026     534      560     559 
     1027     534      535     560 
     1028     535      561     560 
     1029     535      536     561 
     1030     536      562     561 
     1031     536      537     562 
     1032     537      563     562 
     1033     537      538     563 
     1034     538      564     563 
     1035     538      539     564 
     1036     539      565     564 
     1037     539      540     565 
     1038     540      566     565 
     1039     540      541     566 
     1040     541      567     566 
     1041     541      542     567 
     1042     542      568     567 
     1043     542      543     568 
     1044     543      569     568 
     1045     543      544     569 
     1046     544      570     569 
     1047     544      545     570 
     1048     545      571     570 
     1049     545      546     571 
     1050     546      572     571 
     1051     547      548     573 
     1052     548      574     573 
     1053     548      549     574 
     1054     549      575     574 
     1055     549      550     575 
     1056     550      576     575 
     1057     550      551     576 
     1058     551      577     576 
     1059     551      552     577 
     1060     552      578     577 
     1061     552      553     578 
     1062     553      579     578 
     1063     553      554     579 
     1064     554      580     579 
     1065     554      555     580 
     1066     555      581     580 
     1067     555      556     581 
     1068     556      582     581 
     1069     556      557     582 
     1070     557      583     582 
     1071     557      558     583 
     1072     558      584     583 
     1073     558      559     584 
     1074     559      585     584 
     1075     559      560     585 
     1076     560      586     585 
     1077     560      561     586 
     1078     561      587     586 
     1079     561      562     587 
     1080     562      588     587 
     1081     562      563     588 
     1082     563      589     588 
     1083     563      564     589 
     1084     564      590     589 
     1085     564      565     590 
     1086     565      591     590 
     1087     565      566     591 
     1088     566      592     591 
     1089     566      567     592 
     1090     567      593     592 
     1091     567      568     593 
     1092     568      594     593 
     1093     568      569     594 
     1094     569      595     594 
     1095     569      570     595 
     1096     570      596     595 
     1097     570      571     596 
     1098     571      597     596 
     1099     571      572     597 
     1100     572      598     597 
     1101     573      574     599 
     1102     574      600     599 
     1103     574      575     600 
     1104     575      601     600 
     1105     575      576     601 
     1106     576      602     601 
     1107     576      577     602 
     1108     577      603     602 
     1109     577      578     603 
     1110     578      604     603 
     1111     578      579     604 
     1112     579      605     604 
     1113     579      580     605 
     1114     580      606     605 
     1115     580      581     606 
     1116     581      607     606 
     1117     581      582     607 
     1118     582      608     607 
     1119     582      583     608 
     1120     583      609     608 
     1121     583      584     609 
     1122     584      610     609 
     1123     584      585     610 
     1124     585      611     610 
     1125     585      586     611 
     1126     586      612     611 
     1127     586      587     612 
     1128     587      613     612 
     1129     587      588     613 
     1130     588      614     613 
     1131     588      589     614 
     1132     589      615     614 
     1133     589      590     615 
     1134     590      616     615 
     1135     590      591     616 
     1136     591      617     616 
     1137     591      592     617 
     1138     592      618     617 
     1139     592      593     618 
     1140     593      619     618 
     1141     593      594     619 
     1142     594      620     619 
     1143     594      595     620 
     1144     595      621     620 
     1145     595      596     621 
     1146     596      622     621 
     1147     596      597     622 
     1148     597      623     622 
     1149     597      598     623 
     1150     598      624     623 
     1151     599      600     625 
     1152     600      626     625 
     1153     600      601     626 
     1154     601      627     626 
     1155     601      602     627 
     1156     602      628     627 
     1157     602      603     628 
     1158     603      629     628 
     1159     603      604     629 
     1160     604      630     629 
     1161     604      605     630 
     1162     605      631     630 
     1163     605      606     631 
     1164     606      632     631 
     1165     606      607     632 
     1166     607      633     632 
     1167     607      608     633 
     1168     608      634     633 
     1169     608      609     634 
     1170     609      635     634 
     1171     609      610     635 
     1172     610      636     635 
     1173     610      611     636 
     1174     611      637     636 
     1175     611      612     637 
     1176     612      638     637 
     1177     612      613     638 
     1178     613      639     638 
     1179     613      614     639 
     1180     614      640     639 
     1181     614      615     640 
     1182     615      641     640 
     1183     615      616     641 
     1184     616      642     641 
     1185     616      617     642 
     1186     617      643     642 
     1187     617      618     643 
     1188     618      644     643 
     1189     618      619     644 
     1190     619      645     644 
     1191     619      620     645 
     1192     620      646     645 
     1193     620      621     646 
     1194     621      647     646 
     1195     621      622     647 
     1196     622      648     647 
     1197     622      623     648 
     1198     623      649     648 
     1199     623      624     649 
     1200     624      650     649 
     1201     625      626     651 
     1202     626      652     651 
     1203     626      627     652 
     1204     627      653     652 
     1205     627      628     653 
     1206     628      654     653 
     1207     628      629     654 
     1208     629      655     654 
     1209     629      630     655 
     1210     630      656     655 
     1211     630      631     656 
     1212     631      657     656 
     1213     631      632     657 
     1214     632      658     657 
     1215     632      633     658 
     1216     633      659     658 
     1217     633      634     659 
     1218     634      660     659 
     1219     634      635     660 
     1220     635      661     660 
     1221     635      636     661 
     1222     636      662     661 
     1223     636      637     662 
     1224     637      663     662 
     1225     637      638     663 
     1226     638      664     663 
     1227     638      639     664 
     1228     639      665     664 
     1229     639      640     665 
     1230     640      666     665 
     1231     640      641     666 
     1232     641      667     666 
     1233     641      642     667 
     1234     642      668     667 
     1235     642      643     668 
     1236     643      669     668 
     1237     643      644     669 
     1238     644      670     669 
     1239     644      645     670 
     1240     645      671     670 
     1241     645      646     671 
     1242     646      672     671 
     1243     646      647     672 
     1244     647      673     672 
     1245     647      648     673 
     1246     648      674     673 
     1247     648      649     674 
     1248     649      675     674 
     1249     649      650     675 
     1250     650      676     675 
     27
     1	1	0
     2	1	0
     3	1	0
     4	1	0
     5	1	0
     6	1	0
     7	1	0
     8	1	0
     9	1	0
    10	1	0
    11	1	0
    12	1	0
    13	1	0
    14	1	0
    15	1	0
    16	1	0
    17	1	0
    18	1	0
    19	1	0
    20	1	0
    21	1	0
    22	1	0
    23	1	0
    24	1	0
    25	1	0
    26	1	0
    676	1	1000
    0
