$Numeros de Nodos
36
$Lista de Nodos y sus coordenadas
      1           0.           0.	0
      2           2.           0.	0
      3           4.           0.	0
      4           6.           0.	0
      5           8.           0.	0
      6          10.           0.	0
      7           0.           2.	0
      8           2.           2.	0
      9           4.           2.	0
     10           6.           2.	0
     11           8.           2.	0
     12          10.           2.	0
     13           0.           4.	0
     14           2.           4.	0
     15           4.           4.	0
     16           6.           4.	0	
     17           8.           4.	0
     18          10.           4.	0
     19           0.           6.	0
     20           2.           6.	0
     21           4.           6.	0
     22           6.           6.	0
     23           8.           6.	0	
     24          10.           6.	0
     25           0.           8.	0	
     26           2.           8.	0
     27           4.           8.	0
     28           6.           8.	0
     29           8.           8.	0
     30          10.           8.	0
     31           0.          10.	0
     32           2.          10.	0
     33           4.          10.	0
     34           6.          10.	0
     35           8.          10.	0
     36          10.          10.	0 
    
$Numero de elementos (conectividades) y tipo de elemento, 1=Lineal una direccion, 2=Lineal dos direcciones...  6=Stoke
50  6
$Conectividades por elemento  Elemento/Nodos a b c 
     1  1  2  8
     2  8  7  1
     3  2  3  9
     4  9  8  2
     5  3  4 10
     6 10  9  3
     7  4  5 11
     8 11 10  4
     9  5  6 12
    10 12 11  5
    11  7  8 14
    12 14 13  7
    13  8  9 15
    14 15 14  8
    15  9 10 16
    16 16 15  9
    17 10 11 17
    18 17 16 10
    19 11 12 18
    20 18 17 11
    21 13 14 20
    22 20 19 13
    23 14 15 21
    24 21 20 14
    25 15 16 22
    26 22 21 15
    27 16 17 23
    28 23 22 16
    29 17 18 24
    30 24 23 17
    31 19 20 26
    32 26 25 19
    33 20 21 27
    34 27 26 20
    35 21 22 28
    36 28 27 21
    37 22 23 29
    38 29 28 22
    39 23 24 30
    40 30 29 23
    41 25 26 32
    42 32 31 25
    43 26 27 33
    44 33 32 26
    45 27 28 34
    46 34 33 27
    47 28 29 35
    48 35 34 28
    49 29 30 36
    50 36 35 29
$Nodos Vertices con CB Dirichlet
20
$Nodo/Grado de Libertad  1=Desplazamiento 2=ux' 3=uy'  0=Nada
1	1	2	3 	0	0	0
6	1	2	3 	0	0	0
31	1	2	3 	0	0	0
36	1	2	3 	0	0	0
2 	1	0   3	0	0	0
3 	1	0   3	0	0	0
4 	1	0   3	0	0	0
5 	1	0   3	0	0	0
7	1	2	0	0	0	0
13	1	2	0	0	0	0
19	1	2	0	0	0	0
25	1	2	0	0	0	0
12	1	2	0	0	0	0
18	1	2	0	0	0	0
24	1	2	0	0	0	0
30	1	2	0	0	0	0
32 	1	0   3	0	0	0
33 	1	0   3	0	0	0
34 	1	0   3	0	0	0
35 	1	0   3	0	0	0
$Cantidad de Nodos Con Cargas Nodales
    36
$Nodo Nodo/Grados de Libertad  /Fy
1	1	27.77
2	1	27.77
3	1	27.77
4	1	27.77
5	1	27.77
6	1	27.77
7	1	27.77
8	1	27.77
9	1	27.77
10	1	27.77
11	1	27.77
12	1	27.77
13	1	27.77
14	1	27.77
15	1	27.77
16	1	27.77
17	1	27.77
18	1	27.77
19	1	27.77
20	1	27.77
21	1	27.77
22	1	27.77
23	1	27.77
24	1	27.77
25	1	27.77
26	1	27.77
27	1	27.77
28	1	27.77
29	1	27.77
30	1	27.77
31	1	27.77
32	1	27.77
33	1	27.77
34	1	27.77
35	1	27.77
36	1	27.77
$Espesor de Placa
   1
$Modulo de Elasticidad de la PLaca
   10000
$Coeficiente de Poisson
   0.3


$nNod = sqrt(size(xx,1));surf(reshape(xx(:,1),nNod,nNod),reshape(xx(:,2),nNod,nNod),reshape(u(1:ndn:end),nNod,nNod))