     126 
     1     0.000000      0.000000     0.000000 
     2     0.230769      0.000000     0.000000 
     3     0.461538      0.000000     0.000000 
     4     0.692308      0.000000     0.000000 
     5     0.923077      0.000000     0.000000 
     6     1.153846      0.000000     0.000000 
     7     1.384615      0.000000     0.000000 
     8     1.615385      0.000000     0.000000 
     9     1.846154      0.000000     0.000000 
     10     2.076923      0.000000     0.000000 
     11     2.307692      0.000000     0.000000 
     12     2.538462      0.000000     0.000000 
     13     2.769231      0.000000     0.000000 
     14     3.000000      0.000000     0.000000 
     15     0.000000      0.125000     0.000000 
     16     0.230769      0.125000     0.000000 
     17     0.461538      0.125000     0.000000 
     18     0.692308      0.125000     0.000000 
     19     0.923077      0.125000     0.000000 
     20     1.153846      0.125000     0.000000 
     21     1.384615      0.125000     0.000000 
     22     1.615385      0.125000     0.000000 
     23     1.846154      0.125000     0.000000 
     24     2.076923      0.125000     0.000000 
     25     2.307692      0.125000     0.000000 
     26     2.538462      0.125000     0.000000 
     27     2.769231      0.125000     0.000000 
     28     3.000000      0.125000     0.000000 
     29     0.000000      0.250000     0.000000 
     30     0.230769      0.250000     0.000000 
     31     0.461538      0.250000     0.000000 
     32     0.692308      0.250000     0.000000 
     33     0.923077      0.250000     0.000000 
     34     1.153846      0.250000     0.000000 
     35     1.384615      0.250000     0.000000 
     36     1.615385      0.250000     0.000000 
     37     1.846154      0.250000     0.000000 
     38     2.076923      0.250000     0.000000 
     39     2.307692      0.250000     0.000000 
     40     2.538462      0.250000     0.000000 
     41     2.769231      0.250000     0.000000 
     42     3.000000      0.250000     0.000000 
     43     0.000000      0.375000     0.000000 
     44     0.230769      0.375000     0.000000 
     45     0.461538      0.375000     0.000000 
     46     0.692308      0.375000     0.000000 
     47     0.923077      0.375000     0.000000 
     48     1.153846      0.375000     0.000000 
     49     1.384615      0.375000     0.000000 
     50     1.615385      0.375000     0.000000 
     51     1.846154      0.375000     0.000000 
     52     2.076923      0.375000     0.000000 
     53     2.307692      0.375000     0.000000 
     54     2.538462      0.375000     0.000000 
     55     2.769231      0.375000     0.000000 
     56     3.000000      0.375000     0.000000 
     57     0.000000      0.500000     0.000000 
     58     0.230769      0.500000     0.000000 
     59     0.461538      0.500000     0.000000 
     60     0.692308      0.500000     0.000000 
     61     0.923077      0.500000     0.000000 
     62     1.153846      0.500000     0.000000 
     63     1.384615      0.500000     0.000000 
     64     1.615385      0.500000     0.000000 
     65     1.846154      0.500000     0.000000 
     66     2.076923      0.500000     0.000000 
     67     2.307692      0.500000     0.000000 
     68     2.538462      0.500000     0.000000 
     69     2.769231      0.500000     0.000000 
     70     3.000000      0.500000     0.000000 
     71     0.000000      0.625000     0.000000 
     72     0.230769      0.625000     0.000000 
     73     0.461538      0.625000     0.000000 
     74     0.692308      0.625000     0.000000 
     75     0.923077      0.625000     0.000000 
     76     1.153846      0.625000     0.000000 
     77     1.384615      0.625000     0.000000 
     78     1.615385      0.625000     0.000000 
     79     1.846154      0.625000     0.000000 
     80     2.076923      0.625000     0.000000 
     81     2.307692      0.625000     0.000000 
     82     2.538462      0.625000     0.000000 
     83     2.769231      0.625000     0.000000 
     84     3.000000      0.625000     0.000000 
     85     0.000000      0.750000     0.000000 
     86     0.230769      0.750000     0.000000 
     87     0.461538      0.750000     0.000000 
     88     0.692308      0.750000     0.000000 
     89     0.923077      0.750000     0.000000 
     90     1.153846      0.750000     0.000000 
     91     1.384615      0.750000     0.000000 
     92     1.615385      0.750000     0.000000 
     93     1.846154      0.750000     0.000000 
     94     2.076923      0.750000     0.000000 
     95     2.307692      0.750000     0.000000 
     96     2.538462      0.750000     0.000000 
     97     2.769231      0.750000     0.000000 
     98     3.000000      0.750000     0.000000 
     99     0.000000      0.875000     0.000000 
     100     0.230769      0.875000     0.000000 
     101     0.461538      0.875000     0.000000 
     102     0.692308      0.875000     0.000000 
     103     0.923077      0.875000     0.000000 
     104     1.153846      0.875000     0.000000 
     105     1.384615      0.875000     0.000000 
     106     1.615385      0.875000     0.000000 
     107     1.846154      0.875000     0.000000 
     108     2.076923      0.875000     0.000000 
     109     2.307692      0.875000     0.000000 
     110     2.538462      0.875000     0.000000 
     111     2.769231      0.875000     0.000000 
     112     3.000000      0.875000     0.000000 
     113     0.000000      1.000000     0.000000 
     114     0.230769      1.000000     0.000000 
     115     0.461538      1.000000     0.000000 
     116     0.692308      1.000000     0.000000 
     117     0.923077      1.000000     0.000000 
     118     1.153846      1.000000     0.000000 
     119     1.384615      1.000000     0.000000 
     120     1.615385      1.000000     0.000000 
     121     1.846154      1.000000     0.000000 
     122     2.076923      1.000000     0.000000 
     123     2.307692      1.000000     0.000000 
     124     2.538462      1.000000     0.000000 
     125     2.769231      1.000000     0.000000 
     126     3.000000      1.000000     0.000000 
     208   2
     1     1      2     15 
     2     2      16     15 
     3     2      3     16 
     4     3      17     16 
     5     3      4     17 
     6     4      18     17 
     7     4      5     18 
     8     5      19     18 
     9     5      6     19 
     10     6      20     19 
     11     6      7     20 
     12     7      21     20 
     13     7      8     21 
     14     8      22     21 
     15     8      9     22 
     16     9      23     22 
     17     9      10     23 
     18     10      24     23 
     19     10      11     24 
     20     11      25     24 
     21     11      12     25 
     22     12      26     25 
     23     12      13     26 
     24     13      27     26 
     25     13      14     27 
     26     14      28     27 
     27     15      16     29 
     28     16      30     29 
     29     16      17     30 
     30     17      31     30 
     31     17      18     31 
     32     18      32     31 
     33     18      19     32 
     34     19      33     32 
     35     19      20     33 
     36     20      34     33 
     37     20      21     34 
     38     21      35     34 
     39     21      22     35 
     40     22      36     35 
     41     22      23     36 
     42     23      37     36 
     43     23      24     37 
     44     24      38     37 
     45     24      25     38 
     46     25      39     38 
     47     25      26     39 
     48     26      40     39 
     49     26      27     40 
     50     27      41     40 
     51     27      28     41 
     52     28      42     41 
     53     29      30     43 
     54     30      44     43 
     55     30      31     44 
     56     31      45     44 
     57     31      32     45 
     58     32      46     45 
     59     32      33     46 
     60     33      47     46 
     61     33      34     47 
     62     34      48     47 
     63     34      35     48 
     64     35      49     48 
     65     35      36     49 
     66     36      50     49 
     67     36      37     50 
     68     37      51     50 
     69     37      38     51 
     70     38      52     51 
     71     38      39     52 
     72     39      53     52 
     73     39      40     53 
     74     40      54     53 
     75     40      41     54 
     76     41      55     54 
     77     41      42     55 
     78     42      56     55 
     79     43      44     57 
     80     44      58     57 
     81     44      45     58 
     82     45      59     58 
     83     45      46     59 
     84     46      60     59 
     85     46      47     60 
     86     47      61     60 
     87     47      48     61 
     88     48      62     61 
     89     48      49     62 
     90     49      63     62 
     91     49      50     63 
     92     50      64     63 
     93     50      51     64 
     94     51      65     64 
     95     51      52     65 
     96     52      66     65 
     97     52      53     66 
     98     53      67     66 
     99     53      54     67 
     100     54      68     67 
     101     54      55     68 
     102     55      69     68 
     103     55      56     69 
     104     56      70     69 
     105     57      58     71 
     106     58      72     71 
     107     58      59     72 
     108     59      73     72 
     109     59      60     73 
     110     60      74     73 
     111     60      61     74 
     112     61      75     74 
     113     61      62     75 
     114     62      76     75 
     115     62      63     76 
     116     63      77     76 
     117     63      64     77 
     118     64      78     77 
     119     64      65     78 
     120     65      79     78 
     121     65      66     79 
     122     66      80     79 
     123     66      67     80 
     124     67      81     80 
     125     67      68     81 
     126     68      82     81 
     127     68      69     82 
     128     69      83     82 
     129     69      70     83 
     130     70      84     83 
     131     71      72     85 
     132     72      86     85 
     133     72      73     86 
     134     73      87     86 
     135     73      74     87 
     136     74      88     87 
     137     74      75     88 
     138     75      89     88 
     139     75      76     89 
     140     76      90     89 
     141     76      77     90 
     142     77      91     90 
     143     77      78     91 
     144     78      92     91 
     145     78      79     92 
     146     79      93     92 
     147     79      80     93 
     148     80      94     93 
     149     80      81     94 
     150     81      95     94 
     151     81      82     95 
     152     82      96     95 
     153     82      83     96 
     154     83      97     96 
     155     83      84     97 
     156     84      98     97 
     157     85      86     99 
     158     86      100     99 
     159     86      87     100 
     160     87      101     100 
     161     87      88     101 
     162     88      102     101 
     163     88      89     102 
     164     89      103     102 
     165     89      90     103 
     166     90      104     103 
     167     90      91     104 
     168     91      105     104 
     169     91      92     105 
     170     92      106     105 
     171     92      93     106 
     172     93      107     106 
     173     93      94     107 
     174     94      108     107 
     175     94      95     108 
     176     95      109     108 
     177     95      96     109 
     178     96      110     109 
     179     96      97     110 
     180     97      111     110 
     181     97      98     111 
     182     98      112     111 
     183     99      100     113 
     184     100      114     113 
     185     100      101     114 
     186     101      115     114 
     187     101      102     115 
     188     102      116     115 
     189     102      103     116 
     190     103      117     116 
     191     103      104     117 
     192     104      118     117 
     193     104      105     118 
     194     105      119     118 
     195     105      106     119 
     196     106      120     119 
     197     106      107     120 
     198     107      121     120 
     199     107      108     121 
     200     108      122     121 
     201     108      109     122 
     202     109      123     122 
     203     109      110     123 
     204     110      124     123 
     205     110      111     124 
     206     111      125     124 
     207     111      112     125 
     208     112      126     125 
     9
     1       2       0       0
     15      2       0       0
     29      2       0       0
     43      2       0       0
     57      2       0       0
     71      2       0       0
     85      2       0       0
     99      2       0       0
     113     2       0       0
     9
     14      2       0       0.0748
     28      2       0       0.5402
     42      2       0       0.9309
     56      2       0       1.1653
     70      2       0       1.2434
     84      2       0       1.1653
     98      2       0       0.9309
     112     2       0       0.5402
     126     2       0       0.0748
