$Numeros de Nodos
     85
$Lista de Nodos y sus coordenadas
      1	           3.	           0.	0
      2	           0.	           0.	0
      3	           3.	           1.	0
      4	           0.	           1.	0
      5	    2.8143425	           0.	0
      6	   2.40454364	           0.	0
      7	          1.5	           0.	0
      8	  0.595456481	           0.	0
      9	  0.185657457	           0.	0
     10	           3.	         0.75	0
     11	           3.	          0.5	0
     12	           3.	         0.25	0
     13	  0.185657457	           1.	0
     14	  0.595456481	           1.	0
     15	          1.5	           1.	0
     16	   2.40454364	           1.	0
     17	    2.8143425	           1.	0
     18	           0.	         0.25	0
     19	           0.	          0.5	0
     20	           0.	         0.75	0
     21	   2.73203421	  0.679992259	0
     22	   2.73281121	  0.323663563	0
     23	  0.310821593	  0.324396342	0
     24	  0.314340353	  0.679769754	0
     25	   2.46498799	  0.501210749	0
     26	  0.802679181	  0.500694335	0
     27	   2.05481505	  0.500242174	0
     28	  0.248239517	  0.162198171	0
     29	  0.390556961	           0.	0
     30	  0.453139037	  0.162198171	0
     31	   2.22967935	  0.250121087	0
     32	   2.43476582	  0.250605375	0
     33	   2.25990152	  0.500726461	0
     34	   2.90717125	           0.	0
     35	           3.	        0.125	0
     36	   2.90717125	        0.125	0
     37	   2.77357674	  0.161831781	0
     38	   2.86640549	  0.286831796	0
     39	   2.59851122	  0.590601504	0
     40	    2.5682888	  0.839996099	0
     41	   2.43476582	  0.750605345	0
     42	  0.699067831	  0.750347137	0
     43	  0.454898417	  0.839884877	0
     44	  0.558509767	  0.590232015	0
     45	  0.155410796	  0.412198186	0
     46	           0.	        0.375	0
     47	  0.155410796	  0.287198186	0
     48	   2.90717125	        0.875	0
     49	           3.	        0.875	0
     50	   2.90717125	           1.	0
     51	    2.8660171	  0.714996099	0
     52	   2.77318835	  0.839996099	0
     53	           3.	        0.375	0
     54	   2.86640549	  0.411831796	0
     55	 0.0928287283	        0.875	0
     56	 0.0928287283	           1.	0
     57	           0.	        0.875	0
     58	  0.556750417	  0.412545323	0
     59	  0.699067831	  0.250347167	0
     60	   1.15133953	  0.750347137	0
     61	    1.0477283	           1.	0
     62	   2.22967935	  0.750121117	0
     63	   2.60944319	           1.	0
     64	           0.	        0.125	0
     65	 0.0928287283	           0.	0
     66	 0.0928287283	        0.125	0
     67	  0.157170177	  0.589884877	0
     68	  0.312580973	  0.502083063	0
     69	    2.5988996	  0.412437141	0
     70	   2.73242283	  0.501827896	0
     71	    2.8660171	  0.589996099	0
     72	           3.	        0.625	0
     73	   2.56867743	  0.161831781	0
     74	   2.60944319	           0.	0
     75	  0.157170177	  0.714884877	0
     76	           0.	        0.625	0
     77	  0.390556961	           1.	0
     78	  0.249998897	  0.839884877	0
     79	   1.95227182	           1.	0
     80	   1.77740753	  0.750121117	0
     81	    1.0477283	           0.	0
     82	   1.15133953	  0.250347167	0
     83	          1.5	          0.5	0
     84	   1.77740753	  0.250121087	0
     85	   1.95227182	           0.	0
$Numero de elementos (conectividades) y tipo de elemento, 1=Lineal, 2=Cuadratico, 5=Isoparmetrico
     32    5
$Conectividades por elemento  Elemento/Nodos a b c /Tipo de Material
1	23	9	8	28	29	30	1
2	27	6	25	31	32	33	1
3	5	1	12	34	35	36	1
4	22	5	12	37	36	38	1
5	25	21	16	39	40	41	1
6	26	14	24	42	43	44	1
7	23	19	18	45	46	47	1
8	17	10	3	48	49	50	1
9	21	10	17	51	48	52	1
10	22	12	11	38	53	54	1
11	20	13	4	55	56	57	1
12	26	23	8	58	30	59	1
13	26	15	14	60	61	42	1
14	27	25	16	33	41	62	1
15	21	17	16	52	63	40	1
16	18	2	9	64	65	66	1
17	23	18	9	47	66	28	1
18	24	19	23	67	45	68	1
19	25	22	21	69	70	39	1
20	21	11	10	71	72	51	1
21	22	6	5	73	74	37	1
22	22	11	21	54	71	70	1
23	26	24	23	44	68	58	1
24	24	20	19	75	76	67	1
25	24	14	13	43	77	78	1
26	24	13	20	78	55	75	1
27	27	16	15	62	79	80	1
28	25	6	22	32	73	69	1
29	26	8	7	59	81	82	1
30	26	7	15	82	83	60	1
31	27	15	7	80	83	84	1
32	27	7	6	84	85	31	1
$Cantidad de MAteriales / Cantidad de variables de concuctancia Kx-Ky
     1     2
$Tipo de Material / Kx  /   ky
     1              1       1
$Cantidad de Nodos con Condicion Dirchlet
     9
$Nodo/Grados de Libertad/CB
1	1	0
3	1	0
10	1	0
11	1	0
12	1	0
35	1	0
53	1	0
49	1	0
72	1	0
$LISTA DE CARGAS NODALES  
     0
$Numero de Nodos Frontera
   40 
$Matriz de Nodos Frontera (Coordenadas)
      1	           3.	           0.	0
      2	           0.	           0.	0
      3	           3.	           1.	0
      4	           0.	           1.	0
      5	    2.8143425	           0.	0
      6	   2.40454364	           0.	0
      7	          1.5	           0.	0
      8	  0.595456481	           0.	0
      9	  0.185657457	           0.	0
     10	           3.	         0.75	0
     11	           3.	          0.5	0
     12	           3.	         0.25	0
     13	  0.185657457	           1.	0
     14	  0.595456481	           1.	0
     15	          1.5	           1.	0
     16	   2.40454364	           1.	0
     17	    2.8143425	           1.	0
     18	           0.	         0.25	0
     19	           0.	          0.5	0
     20	           0.	         0.75	0
     29	  0.390556961	           0.	0
     34	   2.90717125	           0.	0
     35	           3.	        0.125	0
     46	           0.	        0.375	0
     49	           3.	        0.875	0
     50	   2.90717125	           1.	0
     53	           3.	        0.375	0
     56	 0.0928287283	           1.	0
     57	           0.	        0.875	0
     61	    1.0477283	           1.	0
     63	   2.60944319	           1.	0
     64	           0.	        0.125	0
     65	 0.0928287283	           0.	0
     72	           3.	        0.625	0
     74	   2.60944319	           0.	0
     76	           0.	        0.625	0
     77	  0.390556961	           1.	0
     79	   1.95227182	           1.	0
     81	    1.0477283	           0.	0
     85	   1.95227182	           0.	0
$Elementos Forntera   
 40
 $Matriz de Elementos Frontera (Conectividades)
$Elemento/ Nodo a b/ Tipo de CB   0=CB.Dirichlet  1=CB.Robin  2=CB.Neumann
1	2	65	0
2	65	9	0
3	9	29	0
4	29	8	0
5	8	81	0
6	81	7	0
7	7	85	0
8	85	6	0
9	6	74	0
10	74	5	0
11	5	34	0
12	34	1	0
13	1	35	0
14	35	12	0
15	12	53	0
16	53	11	0
17	11	72	0
18	72	10	0
19	10	49	0
20	49	3	0
21	4	56	0
22	56	13	0
23	13	77	0
24	77	14	0
25	14	61	0
26	61	15	0
27	15	79	0
28	79	16	0
29	16	63	0
30	63	17	0
31	17	50	0
32	50	3	0
33	2	64	2
34	64	18	2
35	18	46	2
36	46	19	2
37	19	76	2
38	76	20	2
39	20	57	2
40	57	4	2
$ h para la CB.Robin
    0
$ Temperatura de referencia CB.Robin
    0
$Cantidad de Nodos con CB.Neumann
    9
$Elemento/Nodos con CB de Neumann/ Valor en el Nodo
33	2	1
33	64	1
34	18	1
35	46	1
36	19	1
37	76	1
38	20	1
39	57	1
40	4	1
   
    
   
 