     6 
     1     0.000000      0.000000     0.000000 
     2     1.500000      0.000000     0.000000 
     3     3.000000      0.000000     0.000000 
     4     0.000000      1.000000     0.000000 
     5     1.500000      1.000000     0.000000 
     6     3.000000      1.000000     0.000000 
     4     1
     1     1      2     4 
     2     2      5     4 
     3     2      3     5 
     4     3      6     5 
     2
     3	   1      0
     6	   1      0	
     2	   
     1	   1	  -1
     4	   1	  -1
