     36 
     1     0.000000      0.000000     0.000000 
     2     4.000000      0.000000     0.000000 
     3     8.000000      0.000000     0.000000 
     4     12.000000      0.000000     0.000000 
     5     16.000000      0.000000     0.000000 
     6     20.000000      0.000000     0.000000 
     7     0.000000      4.000000     0.000000 
     8     4.000000      4.000000     0.000000 
     9     8.000000      4.000000     0.000000 
     10     12.000000      4.000000     0.000000 
     11     16.000000      4.000000     0.000000 
     12     20.000000      4.000000     0.000000 
     13     0.000000      8.000000     0.000000 
     14     4.000000      8.000000     0.000000 
     15     8.000000      8.000000     0.000000 
     16     12.000000      8.000000     0.000000 
     17     16.000000      8.000000     0.000000 
     18     20.000000      8.000000     0.000000 
     19     0.000000      12.000000     0.000000 
     20     4.000000      12.000000     0.000000 
     21     8.000000      12.000000     0.000000 
     22     12.000000      12.000000     0.000000 
     23     16.000000      12.000000     0.000000 
     24     20.000000      12.000000     0.000000 
     25     0.000000      16.000000     0.000000 
     26     4.000000      16.000000     0.000000 
     27     8.000000      16.000000     0.000000 
     28     12.000000      16.000000     0.000000 
     29     16.000000      16.000000     0.000000 
     30     20.000000      16.000000     0.000000 
     31     0.000000      20.000000     0.000000 
     32     4.000000      20.000000     0.000000 
     33     8.000000      20.000000     0.000000 
     34     12.000000      20.000000     0.000000 
     35     16.000000      20.000000     0.000000 
     36     20.000000      20.000000     0.000000 
     50    1
     1     1      2     7 
     2     2      8     7 
     3     2      3     8 
     4     3      9     8 
     5     3      4     9 
     6     4      10     9 
     7     4      5     10 
     8     5      11     10 
     9     5      6     11 
     10     6      12     11 
     11     7      8     13 
     12     8      14     13 
     13     8      9     14 
     14     9      15     14 
     15     9      10     15 
     16     10      16     15 
     17     10      11     16 
     18     11      17     16 
     19     11      12     17 
     20     12      18     17 
     21     13      14     19 
     22     14      20     19 
     23     14      15     20 
     24     15      21     20 
     25     15      16     21 
     26     16      22     21 
     27     16      17     22 
     28     17      23     22 
     29     17      18     23 
     30     18      24     23 
     31     19      20     25 
     32     20      26     25 
     33     20      21     26 
     34     21      27     26 
     35     21      22     27 
     36     22      28     27 
     37     22      23     28 
     38     23      29     28 
     39     23      24     29 
     40     24      30     29 
     41     25      26     31 
     42     26      32     31 
     43     26      27     32 
     44     27      33     32 
     45     27      28     33 
     46     28      34     33 
     47     28      29     34 
     48     29      35     34 
     49     29      30     35 
     50     30      36     35 
7 
1 1 0
2 1 0
3 1 0
4 1 0
5 1 0
6 1 0
36 1 1000    
0
